2500
89,0.5612375128000961
-74,0.27833679479902107
-67,0.8044664311459849
1,0.2402529680402744
-3,0.9063578815909268
59,0.3740103851337825
9,0.39311916424972526
-86,0.4982677957161322
-9,0.11427128339508508
-72,0.33266651454044516
8,0.3148819763841122
-41,0.22324552792589591
-14,0.4504051884252098
-1,0.008341371199324987
33,0.23764649135164162
0,0.753288500010878
0,0.4029063380640412
87,0.5579782418123168
-5,0.44168957905789186
-63,0.7826647894249925
100,0.35073624118830904
-16,0.603115195175296
-86,0.9053753931163079
-34,0.4456996970002366
-82,0.32180956408912476
-43,0.3563491911683583
-87,0.5190021324048356
-24,0.9051313417115943
-68,0.14809094493335762
90,0.6418056262959633
6,0.8240398012518032
41,0.10902334454312612
-8,0.8255419999710849
20,0.8413826660922259
-59,0.9416089297315888
63,0.8734917774655051
-89,0.16903687000983747
76,0.9323279290773243
42,0.9018998739179499
8,0.47291766313981165
-15,0.9158414926400296
-97,0.9467446633809836
92,0.4153351282341332
-94,0.47497986782699897
-5,0.27597779052291893
43,0.3799129028362018
-32,0.23662813087082368
-42,0.6447579030371511
-33,0.5537712547075629
-61,0.3018515868544007
59,0.664493593592147
-88,0.3603180333488323
-84,0.8721062028105443
75,0.18533461528075768
-27,0.39261608148842386
11,0.1316097895140913
17,0.21939027030281666
-95,0.7536149746947733
1,0.8815852573505921
50,0.4951646995319212
18,0.00895570728819628
-93,0.47239860805770173
38,0.6568573230910266
-82,0.7690024661422085
-75,0.09160193389386018
91,0.6631495060751326
-67,0.4544042569373419
-82,0.8953142915468962
-47,0.6942100646085826
2,0.5985965214017366
-71,0.9335637165438068
60,0.8729070591867991
-93,0.07083726551779035
-1,0.3563508693833748
54,0.7557040871874677
-20,0.08705588141097731
78,0.7474245189135346
-100,0.6528335208917431
-63,0.18767071341279817
-54,0.18132696023699646
-24,0.1172287515448589
-81,0.357249258511274
92,0.030581100278223028
-82,0.9840966387253535
-65,0.8013162214770911
-49,0.8941346299214386
23,0.5973880020775243
-97,0.4019061513960951
-68,0.626931146949355
-80,0.28304514657113844
-65,0.666731500988957
-27,0.12245667193721554
63,0.2962795784850678
-29,0.13523646264772393
-47,0.8259519121498171
98,0.43196196069320225
50,0.8192455787852474
-17,0.5297334983898453
-42,0.3827380624312857
-59,0.4447412398682735
-60,0.5657830507762746
-81,0.3249703194634189
48,0.07273561794228578
-96,0.567348251672433
76,0.3572030707724645
-33,0.12722243784366116
61,0.11954305934104359
12,0.07519655539545711
-82,0.3603035198633271
-38,0.8333430876035368
-5,0.8138736026876963
-73,0.2665556061841201
-25,0.6742637765377538
-61,0.3928528368573877
71,0.6702632193942469
-74,0.7769556900168529
84,0.4074544872878937
-16,0.1932222144056044
49,0.392556506209108
69,0.2864543478720665
16,0.7297882723839962
-55,0.2622251923085309
46,0.33350352491472
-99,0.03288052551709597
-33,0.8559644078928378
-53,0.30253086055704914
24,0.8691526463786774
10,0.25608707714001566
66,0.16593687675695168
7,0.42623968396532397
-23,0.12532550897342332
21,0.9414062391135254
100,0.7011613123073895
24,0.3408594933995811
-52,0.791312329614391
88,0.004916647047757516
-9,0.08865378686756753
-17,0.653255936161496
15,0.33502675158726314
37,0.3687945141664847
77,0.5396201160853525
97,0.9044004374055231
-70,0.7942115313252839
34,0.2119360497543692
44,0.9453915004499247
37,0.9252787116127441
-12,0.4598876297993568
-100,0.049201523250817614
54,0.25062859942912774
-91,0.11311115760827761
-88,0.19109081568524466
-51,0.1920462994211981
-54,0.22223258878443686
98,0.2670757099005121
-67,0.804041617566598
69,0.5739673152561973
-24,0.45212879021568664
-43,0.6940131432791729
-25,0.964245963887254
-74,0.8861086098287364
-7,0.9330644752308906
-49,0.3971335723681636
99,0.27662530099520544
-36,0.46153243724650284
-2,0.8287893542776643
73,0.29453184725791026
-57,0.816626590040093
-75,0.3710773325996012
79,0.12346375640972063
-54,0.57935885455102
-96,0.1743644719053271
34,0.7493884599987825
-4,0.6798658523155755
49,0.5297848239003387
35,0.19419874447278618
33,0.4566193507847447
-78,0.8619462939708141
-7,0.3044295388941286
92,0.983752606826413
94,0.7994682603037601
49,0.2845046387576784
23,0.5177236179083237
-74,0.4392281486872698
-100,0.18462689289400602
9,0.4412391148993382
36,0.6797039606379403
-85,0.4879776250178486
56,0.25838258738739306
44,0.93214703097549
52,0.9060358988049267
17,0.4846398903611935
56,0.2980295589856773
-88,0.7622307431786552
5,0.6565928164833091
-29,0.7137537616077896
83,0.3639090571080813
61,0.7156896657325091
66,0.6447142501364317
-53,0.7496111257837978
86,0.9953116968817513
-16,0.12325590390227292
-69,0.4743011363665761
49,0.5032141886743653
-48,0.03913987032103594
-60,0.43505764892240995
6,0.008197564272047986
46,0.14655299810638822
51,0.5371419855565448
99,0.8873708426752847
45,0.948845791098599
-77,0.7460210489988383
-8,0.4656943618115068
73,0.20884630371555224
82,0.6209915934438602
-71,0.35963778979912464
-19,0.5215206857625354
14,0.7502759092024011
20,0.4862554534513944
33,0.5568490941084339
-61,0.0774028624528903
31,0.6416883094345864
-87,0.49067451104030724
-99,0.8050279274775796
73,0.8938515266998106
-16,0.5815409848013574
0,0.9488586823038031
31,0.9333989580390738
55,0.16586795863967463
-15,0.6450018500134854
73,0.30219429456607827
-6,0.9329627606332365
-9,0.008343979365611931
81,0.061790693311440825
26,0.7535667419560377
-45,0.680096519206051
-15,0.5393094602878922
-51,0.2587766910206498
37,0.4773635682148746
-9,0.781859605771512
-69,0.3071523862014751
-65,0.5885052657085635
-64,0.8310573850180714
-55,0.6326346276820388
-21,0.9260991987059377
-96,0.07205390095796815
-36,0.7534586345115364
-28,0.9445850743490196
0,0.43365818196218286
54,0.17309317088218168
43,0.32476553297889044
-92,0.4685132851920212
-8,0.06439219659642026
-59,0.08975568133106149
75,0.28482878745539986
94,0.3570532132665635
13,0.8463013848513932
-88,0.3018922844057381
37,0.15858759695163038
-10,0.6387346221797632
10,0.6692601899308777
63,0.14352165450194376
54,0.5214218543104223
-26,0.5693064092543533
-36,0.24936773440918747
53,0.9837553277763165
58,0.8522052609429108
-60,0.20580885611295763
77,0.7187337980888596
16,0.1942076640373961
-15,0.36813284078490105
-2,0.4092355486530266
8,0.40713752853653273
99,0.4568759997778986
46,0.21293517956874553
-55,0.6232277318438576
-76,0.7501596423781763
74,0.12370338441022155
56,0.37888135107484455
-77,0.19909554038916133
-45,0.1578026628017728
44,0.2775122998537143
88,0.7830108521495959
-37,0.7415612631140818
-97,0.10827882108652631
-66,0.8637251598451275
-54,0.9893244116446598
18,0.9349725967913171
-32,0.6935578722600773
-37,0.7632628169415618
-96,0.17120276002849721
-35,0.5763343281744678
56,0.33643257179472175
-26,0.9592400785937595
-37,0.04211060118721288
-38,0.08935919378077473
-38,0.42327253736993264
94,0.01355266992210391
0,0.6476833494197922
72,0.6228394675998821
-77,0.15230181967437095
-67,0.9141776800788904
-24,0.10858215288983131
86,0.9469934999637823
64,0.9841494938218592
-39,0.9799850742996955
19,0.6310426113562712
18,0.7530416549588976
68,0.699586584061266
2,0.9170855023579679
7,0.3608309090965621
-34,0.634118935389157
62,0.21877663416873272
35,0.30921496049542363
-1,0.9463609975044485
36,0.9797319323106343
18,0.017031562047722715
-12,0.7943847704884729
-94,0.998014608228739
69,0.2513206122451477
-87,0.18397801674437642
78,0.9310007003283052
65,0.9832456990872566
17,0.6230855843311233
18,0.9162041966612529
-51,0.28888236619006835
-32,0.4808396299233333
6,0.7700944896227628
69,0.5078704411231547
-58,0.614090434119548
-72,0.13273640928569608
-33,0.6647814375676858
67,0.709431481317586
-57,0.011195431540056533
-90,0.07811655159127118
-31,0.60330591266308
-26,0.6615319746392381
-75,0.9625990475452377
6,0.13198714025110925
8,0.32483854721955685
70,0.47930151754277894
93,0.6617448290535067
75,0.47929463490461155
-16,0.009693271358194089
7,0.9616883668665268
72,0.5755321342101668
61,0.1956300884397424
-45,0.1463261501380846
-68,0.8311365321378473
61,0.3709736395212223
-37,0.47688160286534775
-94,0.7425736206866768
44,0.37082384402848423
-70,0.34211314953035976
-65,0.06272778412513935
31,0.12310373504060579
40,0.3198430951091743
91,0.2554471509249048
58,0.9726549377234358
-88,0.6029060197049426
-56,0.411122615119639
100,0.09557014405107256
-52,0.33822012229706067
-49,0.6557468776633278
-17,0.9925461923840678
75,0.5374902441312025
96,0.8115709188357818
-15,0.8068690810981076
-62,0.7586469484086559
-12,0.0980380657209865
20,0.757771996712407
-30,0.37081553538512557
37,0.7384131107015567
-30,0.8260187702450332
-34,0.19727762328321063
-99,0.3281089432971541
25,0.33415848538086246
10,0.07923316081040499
-61,0.2549282460655531
81,0.08862072471906668
-74,0.3870736769390902
-79,0.4062210115883824
68,0.6931383095028233
32,0.6248138809945023
-75,0.9569888817581277
80,0.8015555449505571
-59,0.9594818799127276
86,0.4746461942471849
40,0.7470427273088439
91,0.6357454263041955
1,0.0626710714766402
38,0.4117718630223516
19,0.8783658093546313
8,0.37427625791498387
-19,0.5059619878440436
62,0.15978085993312496
37,0.025551505146488518
-60,0.7950510591242093
-74,0.4533115041089023
0,0.3875672212718294
-25,0.760601086409253
-55,0.7894649853788162
55,0.28114753050581176
-19,0.3645187867515304
44,0.32119376586857784
72,0.9895767214427927
62,0.6774042598823464
0,0.07707274706788858
-44,0.9185465901735104
-1,0.40231488793679204
60,0.48951322970222666
-11,0.3122825357228626
91,0.13079325056850877
-41,0.9513853604885448
-37,0.5943297680392499
79,0.19939353514018465
38,0.8897246672417097
-63,0.3285205194501468
-20,0.16551379343196027
-21,0.9670263846210413
-55,0.06189855269636868
14,0.8379397132851398
68,0.8476726147757498
-17,0.2214185116252646
-75,0.6495390306783664
60,0.9813652228491576
-10,0.5116128942544307
53,0.8802755320152369
72,0.19231159970836986
84,0.3756656130391034
34,0.461337594924912
42,0.007136420725713188
51,0.037972494351109276
-64,0.22117442504573281
8,0.19096295057676516
-86,0.182757547044045
45,0.7680561392096336
27,0.945959021294268
62,0.048519762253699916
-40,0.7228719456912688
-98,0.21417771978864097
-53,0.8397906304869597
94,0.4536419727940306
-73,0.005782554562985487
79,0.18119248872892701
-47,0.46129336955742817
49,0.6374348241254466
67,0.4085987312969741
28,0.205367437730677
5,0.3527268702801285
70,0.2253539634580094
0,0.8675279039734939
18,0.41888461827415036
83,0.12908299316230054
19,0.36771584257453016
74,0.8754850356374363
-10,0.8664100440179535
36,0.3216545032776935
72,0.537498723625158
73,0.809384191353958
-1,0.4251258471589189
-46,0.4509593975385029
66,0.5613829228209821
52,0.8398288901709731
-82,0.8165371139456143
42,0.6798817609742397
51,0.9275177706258645
82,0.31751824163993736
-56,0.06652976814142142
-30,0.055116147103236646
-81,0.9222917991176675
-68,0.45353836917284884
-4,0.16956896569606383
-27,0.783479282781204
31,0.6884221523504175
77,0.3148099130235358
52,0.6435921066711922
4,0.20937915419528985
32,0.867967574274668
44,0.6413136612668602
-5,0.12406455620427614
94,0.16070884726690626
-20,0.09640890054670548
-88,0.7583185165835822
-18,0.13883006122975428
56,0.11265792730104807
43,0.24773017095402206
73,0.904687013581055
-3,0.7298019369291963
-62,0.18241168748866698
71,0.995471826268672
61,0.6274353631392995
-61,0.6432054211566385
4,0.3124347869601266
92,0.9510173710998424
60,0.5030768761183945
-82,0.39699541132318994
54,0.12601227562960393
-97,0.3679134074211262
26,0.33787849110943813
2,0.6522376130659621
43,0.8459476607543782
-58,0.15981196434406042
-27,0.17201241374568943
-7,0.9646560461562734
29,0.3557943450464952
3,0.7696637472114174
-42,0.8666859905120086
-37,0.173212845585204
33,0.9527231453929211
49,0.24907900841268893
-15,0.7886846612375573
-99,0.39450117929818007
-34,0.5921050721942014
32,0.7593128393635101
91,0.1233642227557451
-92,0.8348957642916806
-76,0.4561157676719093
74,0.5891198192304011
-97,0.6449806750432441
-43,0.406819643170219
-71,0.49214352343136425
-29,0.6997626478961929
-90,0.3523468223672165
19,0.441149838732421
58,0.16151008016762625
48,0.7537484478791574
-92,0.2381567560473835
78,0.6246988605600454
90,0.014990175791963711
-89,0.5614047828355396
30,0.6019211751854855
53,0.6598726028303067
42,0.868841292473622
60,0.8881974483731906
-15,0.7393071342454406
-70,0.04301985400846253
-46,0.29353308773622844
50,0.6057305553348376
24,0.5447784752350696
69,0.7886520823208799
-98,0.8470912154015103
-79,0.2406585667462141
98,0.5497842268578127
49,0.8886267352433079
-78,0.9859475513172244
43,0.07827929042965098
55,0.18534333210279053
1,0.7885508657988131
77,0.8684155244299483
7,0.11136531187535514
15,0.6057269576608856
3,0.18807661901199646
-62,0.32938497313996984
-22,0.2898313307239463
41,0.23903961962512676
-81,0.027423475015611598
-91,0.14955856102787024
-93,0.7231228969766451
44,0.3408531820037909
58,0.6093764905348696
-1,0.3685276441860469
93,0.7147518551041047
98,0.21864858986572477
43,0.42417415410921255
73,0.7982120581161084
76,0.7671925196471507
59,0.46767232530955194
60,0.3941129634803431
-49,0.08166549605784701
24,0.9853918638203638
26,0.5129153992972993
-72,0.9353603981309269
-60,0.6119738369301202
-45,0.6284356854554156
9,0.9872750618403275
28,0.44638153964038707
22,0.3769509449218762
-1,0.9114525061865795
21,0.9925605405541544
11,0.5755492883963211
-6,0.3275629584055013
82,0.5436250586675564
50,0.08785553802841273
12,0.8949213295590769
83,0.18148831558602707
92,0.9032191543919107
28,0.9288522894166523
-17,0.41283221579581064
-6,0.6679475775146789
96,0.1968282082123567
52,0.8421229597021243
25,0.6948615696212628
52,0.09591396934198693
98,0.4275711538061602
-37,0.25989634001889894
-62,0.23090487332704224
-86,0.7850412907724725
-71,0.5057701587779968
-58,0.8637585914006136
71,0.08548633443835196
94,0.33712335233620694
-27,0.3756738991415347
-79,0.48979919242638725
-35,0.7991180766330965
97,0.9456249629463922
84,0.603081316309439
-48,0.3330742494992579
-37,0.9704234000586441
-83,0.9418013935744046
87,0.47125920410545896
44,0.7558609812871283
-17,0.941906345962656
-18,0.558149726331815
0,0.266336938569426
-84,0.052028896133214486
9,0.536663768597919
65,0.45341216384922256
-92,0.0984002041252745
20,0.8489547343861068
52,0.8489999200948725
-53,0.8880775500320445
2,0.30079423574437547
43,0.43875937838788637
19,0.678818025884557
-64,0.5653045003674948
84,0.17768737817764768
14,0.22224759334439714
-100,0.31782696428172985
-4,0.059415676100418646
97,0.6287334878249641
-6,0.6217813460491802
86,0.045015722339924014
-1,0.4425893817068759
-26,0.9697114897192625
-35,0.27342078412710136
-80,0.8695117247070223
0,0.19010129763273154
-15,0.08930958411764955
60,0.044017159792103966
-34,0.7708540306446898
-49,0.6954457504277034
54,0.934759950795236
-58,0.43554427938337703
65,0.9298753244595163
13,0.7588923658852024
-64,0.20281982772454232
72,0.23680645802213607
-31,0.21780210137980816
-29,0.2265105754204273
-93,0.02763287870840947
-21,0.8617623963903343
42,0.5168450652781278
12,0.5514210877707688
74,0.40329471582167753
-89,0.6740560079834014
-15,0.282467079620185
57,0.4250097991604156
83,0.05648496934634217
-7,0.7389469506269024
42,0.12567890771493961
-17,0.7830663658873903
63,0.49331750132019736
23,0.8666849489323369
-10,0.09312830052731169
36,0.43028622272078887
-76,0.9845995385055488
-33,0.5154736797582251
47,0.7534108375116995
-83,0.2463011687364316
5,0.32497925419107476
-35,0.10752164320895308
23,0.15994578338108056
70,0.4373805639331604
-75,0.30400092236503196
45,0.578278610210747
-38,0.25392400690245864
-79,0.580171344055132
47,0.9608751758838242
-14,0.526808488873531
83,0.2952491919197733
35,0.26732204702073936
-6,0.859811506492263
73,0.16435031208654982
-78,0.46505729158276843
-70,0.009562049185747545
65,0.8190488925704111
-10,0.36847093209260506
30,0.870313790210371
-78,0.6747846622361263
94,0.7542596266877294
18,0.5418146773441985
67,0.7991519210900959
-59,0.15190799103040364
29,0.5557905477000316
29,0.6473066976659426
28,0.22502927134553352
74,0.11576550598232216
51,0.20924463340294186
-10,0.7457679658289782
-19,0.2384442927224516
23,0.7390036867671502
76,0.6901953823430701
-57,0.5972520048695942
-96,0.2968680999481066
-28,0.9479411387836033
-27,0.5163652959827945
-26,0.40401479133268614
59,0.9267112318591207
15,0.3515702433500604
-77,0.22438857165584258
-12,0.5708803623236314
45,0.785559178724278
-33,0.2863586174539444
6,0.45331784591775126
17,0.43786715734430903
-48,0.7985738907668778
-20,0.5142346061985439
-14,0.7633229686915317
-76,0.30029071651022476
74,0.41987363650843434
-89,0.9871172207860283
-58,0.7955699173131396
37,0.673160670779366
-65,0.9378666009096381
53,0.7485777527469752
64,0.8880558591650455
82,0.6795409723337769
46,0.14292836177632406
68,0.4816969663149798
-82,0.8022166018046385
77,0.6466443637242123
-89,0.6064769975047981
-22,0.43190778871038715
91,0.7864108196036634
20,0.478783146258697
-69,0.2824141014213216
9,0.43459063038385726
92,0.8049248686766578
-37,0.14290031853831076
-19,0.13506350037621906
-60,0.5594146686064901
-28,0.3949313114824232
-83,0.6502564609891794
-62,0.022154024441879416
73,0.44689497418426727
-4,0.27887266427024837
-87,0.24694928048160625
-25,0.11705647729768531
96,0.7573622674217698
-73,0.5560318132034681
62,0.13629456027018338
-100,0.7413990562449001
42,0.2785179252520418
-60,0.024588799876205658
-74,0.947698520265235
47,0.5973494793505991
40,0.14497448770901933
49,0.94425312996889
-79,0.3395032049280412
0,0.03826638240201807
95,0.3116574841465647
-45,0.3396000688598767
18,0.5773883765618634
60,0.197086405103162
-36,0.892671359972058
-81,0.765527735560352
-26,0.665264546773507
-43,0.5037272114966851
21,0.22820912814543115
88,0.30879167986159295
74,0.6221934503012455
6,0.36595146742254614
58,0.5743114257442214
-19,0.48336192763605534
70,0.7967243191339294
58,0.5625500692391772
-97,0.12375745933128501
84,0.5923873350605273
-42,0.6891348137320695
-14,0.20336752915466128
-79,0.6610969498122404
-46,0.07584040468917697
-98,0.6124182865065209
-45,0.9476060487635447
95,0.5308086975391628
-85,0.34045521170925463
-76,0.6644596605610958
-44,0.5400095250208288
-9,0.7547977518031959
-20,0.5773601431358899
-73,0.9066940462302479
-15,0.6239418795016929
68,0.07392011571847878
-9,0.11284601946461914
21,0.3486443205664046
45,0.22103907985835092
-43,0.40795016633326264
79,0.9089993093369608
-18,0.32308436820612085
-91,0.2290276046270604
-88,0.7293826381983672
86,0.9334694736785749
17,0.10317722145794761
-81,0.7824665860688712
-76,0.6286875552352805
-19,0.251427794448397
84,0.16078864985114805
-50,0.3455846326055365
-64,0.9121131091924527
-65,0.8578153795263462
-54,0.29427769903047807
50,0.9620468280497728
13,0.41785811365406367
-3,0.46426542728010023
41,0.9644184264465727
65,0.17340064737228145
93,0.8624119528428608
2,0.6826256596849914
0,0.5687072607337986
6,0.7361147517486364
75,0.9360867735060978
-63,0.3057942965958077
-90,0.05716331289997956
-100,0.4165375673551829
-76,0.0552431419214745
-5,0.6766233788786872
18,0.24682930056294605
5,0.82376728085149
99,0.14843704295008386
-97,0.45693120078037563
-28,0.4275335033464077
-70,0.4523388814014213
80,0.6046922337411529
32,0.46120532897181443
98,0.36807357982061106
49,0.8497976063815186
-88,0.04432932459465588
-66,0.6033666935605871
51,0.6298354355760526
-12,0.0986425443772958
37,0.8862587570955642
-86,0.4200039969581638
-90,0.1739618069305383
67,0.6077882162974158
-77,0.780371692650764
2,0.07977687036541159
-44,0.6085362624259555
83,0.5456056040355919
67,0.8496396103006035
-41,0.26622569559418185
-22,0.06385053399665619
15,0.1147688310977234
19,0.34375964940330905
-63,0.8300141032415758
-99,0.6066741320040359
16,0.2685469728886407
-70,0.7446592549671476
31,0.6466705672658635
0,0.30854738291171857
66,0.39884548966860045
-15,0.5839008784624209
5,0.6871830700760481
92,0.5684697177171875
87,0.9882145241319308
23,0.2330030004996665
72,0.9113412184854721
67,0.056957362602588435
-64,0.21120715254704248
-34,0.7099213885090975
-56,0.22750833819536398
5,0.6962959627188924
36,0.9948826794872642
-85,0.10841011017418145
81,0.42754568815711225
-37,0.42091491023633676
11,0.1039159997817678
-70,0.6017092959635972
-19,0.7018995724219099
77,0.07216196403581032
47,0.4026868542748313
-79,0.09798231598493157
-24,0.06740154426023826
26,0.673358529732996
-97,0.5648874999911492
60,0.5321523646198166
53,0.7991208437239296
7,0.5038669998639023
-98,0.15060103934190538
-59,0.46726445076149614
-71,0.747647043058123
82,0.8450036231562372
45,0.15146698659395164
-34,0.14822570713623973
69,0.2444702799027264
-17,0.005981526813798044
29,0.816464579683728
-55,0.4017532690334764
61,0.15066554198334237
-9,0.25467045538303656
-8,0.8140083335245145
-99,0.8085858036795943
-39,0.48787593095679693
-29,0.5758109494302889
-82,0.5604645858464763
44,0.38749080006603087
-88,0.005629748507809618
-52,0.7584228401730192
63,0.8508615781668505
66,0.6253271755565769
-20,0.985314708964557
-75,0.17449853428023998
98,0.7644801199042734
55,0.06339828219162924
92,0.5586716906756124
-55,0.7526743911809989
22,0.18617532968845696
-39,0.8075578169757147
-13,0.827460103762043
-88,0.07342381482618787
66,0.18369456974838838
-10,0.26800719322467137
74,0.11098485004515568
-59,0.21641809739675455
-11,0.9119204603310258
93,0.15444977492879308
-2,0.7194653181904136
-78,0.9760524794003049
18,0.6768820927102652
-74,0.25324353784304454
-36,0.7537647077973103
73,0.3277357610817574
-16,0.28554123821381205
-11,0.7954210920926261
-71,0.5657877849599526
-84,0.5753944833767701
-15,0.8317749818407876
85,0.2879214224355293
98,0.6788939286892358
93,0.439743452567663
-63,0.6246400192272358
-27,0.5251053313772416
42,0.16396147793740223
49,0.45722599787761653
-37,0.05191747078896358
16,0.12360251788337939
51,0.694278381456511
92,0.45112936352408806
-3,0.7901020812555751
7,0.3307649193730037
-5,0.7612232704759702
86,0.5092319137583521
60,0.9214128380530212
-62,0.04547750783021265
67,0.8227402426949834
-60,0.8564400118948101
4,0.1990665171406455
-7,0.9598046092791299
-27,0.4778994332198724
2,0.24622507200197175
-48,0.9139698108348372
-82,0.48092556411499443
-81,0.1133746882987765
91,0.011271336572102442
-39,0.5591495237561636
-78,0.6250413080167048
-47,0.8514588294765623
8,0.7115982165613364
-52,0.762654436366693
49,0.38840859512276127
-51,0.04427589049464209
-50,0.39752080637169773
48,0.7653265922005603
-99,0.19538654575690684
82,0.005138624917023549
-12,0.865165339967438
-83,0.05675387542669963
3,0.8993558542424497
88,0.1455391896275462
-89,0.923856850410092
7,0.650879452190201
-30,0.4695976314018748
18,0.1950492112583102
58,0.6175482314790127
-15,0.8821582337578181
-41,0.9356959149568002
-80,0.7214452406940632
52,0.5465617567984257
-40,0.5338141937043898
-60,0.3807540181180886
-39,0.7396642128427756
82,0.9212648161346323
30,0.571666565731853
-52,0.775691487994991
-40,0.8007325790953722
-63,0.7459044287110391
79,0.7501569777576625
0,0.2291151236253679
71,0.5856022087129461
-98,0.5786753254507356
-39,0.8816237396680517
31,0.7907340796223915
76,0.6938648004872011
2,0.6431990925888751
2,0.615533364469974
73,0.29101549604201293
55,0.013605927337775103
-79,0.6769426720598943
50,0.16129381485994831
-21,0.8257539739486709
-64,0.7861986278351601
68,0.7937063847887305
-71,0.5064374989469285
90,0.4014540542769287
87,0.23862571795258603
9,0.8101632701984477
98,0.33137670167647015
-22,0.9459026053838766
-39,0.4459590829045512
-44,0.9405328890867846
74,0.002597667428398398
-67,0.3580332714175163
53,0.9079130631190192
10,0.498824413567482
-12,0.7380740453635913
-86,0.5221628115742991
4,0.17592817685412643
60,0.2646854842921841
80,0.2818441140403938
18,0.2439048438396566
-80,0.7510307949062618
-17,0.4667446387408043
-12,0.19911062062481
72,0.8785437572762559
25,0.38775294228210966
25,0.9164368351494309
38,0.20888568276258945
-6,0.01737775174147349
-78,0.8856858314539383
-70,0.6856532526991106
-61,0.8081177214991183
73,0.9735164739850268
76,0.42777964607705066
-3,0.8631578865964531
29,0.8094012867050827
4,0.9658454996963625
-55,0.5332911633731674
74,0.3475651918936771
-38,0.31378439403048797
70,0.8383464854021082
-81,0.7333199532677589
39,0.33877431295529714
-30,0.07085268735040129
-43,0.871688062947359
-87,0.14816288439442005
-9,0.1751076968925801
73,0.140183167610892
100,0.744979500810922
-16,0.24825553104760012
94,0.43000234253806313
-6,0.2614246827118827
-86,0.9878054845005276
95,0.21425882435533117
-67,0.7299546943412908
2,0.36467628895307835
17,0.3261367880051764
3,0.47688724314701336
66,0.5845208123874744
-95,0.20849882198599579
-29,0.1704388946086044
-3,0.21336503342251678
-95,0.6295255118516812
-42,0.21980867499086287
-96,0.12027597687201808
74,0.8049352970696595
63,0.07623558143986175
51,0.22806737894907425
-15,0.7669355028218023
-77,0.5186360423411968
64,0.832103884606513
-53,0.9355941623578605
-40,0.26407419584681435
23,0.9665964273108365
-25,0.7127923149143439
-16,0.6464932024871356
26,0.10611359496733319
-84,0.21739549778396472
15,0.4005337377324153
24,0.988600800355846
-63,0.3050890911760299
-59,0.7865644994253116
-65,0.320494118393274
47,0.10602222866331878
26,0.6888838691677184
-22,0.11710341796746948
-6,0.40464775538248654
3,0.0742419066246951
-67,0.3572545939521331
-84,0.5759208490312054
69,0.7917802504645701
-74,0.09545454838309364
-14,0.4267835083378916
51,0.43839598960551684
45,0.8725851833286224
-44,0.36867893789890016
44,0.07186715622034989
-31,0.8108001669223728
77,0.7304220720160344
15,0.39738049468681413
62,0.5260788985880708
-32,0.9491044568411597
-9,0.9511550324668996
-54,0.8967421872574554
10,0.1467192093624926
-68,0.9727390415880368
77,0.9795925281075043
98,0.39338787469776293
-22,0.8650936219404022
-57,0.5431593585024107
-24,0.6854009437716007
-21,0.07227617236539108
-1,0.34603566291522814
-83,0.6796123668150961
16,0.5679654471708102
50,0.41864672829887484
-24,0.9624176700392558
25,0.5182861204317647
-43,0.07752391935411429
-99,0.7273152865294965
12,0.2538699362576923
-23,0.4860645841108272
-30,0.8590008268035133
20,0.6072775970052559
0,0.8836543508009839
66,0.05639844549867912
22,0.33531933662448765
31,0.19649640570315652
71,0.23361578091007051
53,0.9823420479555899
-37,0.9385724728627839
-94,0.9199099607771641
-43,0.6843609613428898
39,0.6605957986178409
88,0.47028415963922177
90,0.27311447774825903
27,0.3162908717879902
49,0.07043195625423648
58,0.526094123872492
-63,0.29483671448186566
43,0.23683963208199554
19,0.5526710046992767
-28,0.6555510403045693
-86,0.10322757102225988
22,0.9902489392444054
84,0.5464152441323386
-7,0.9443004050981273
-78,0.11417108097870554
-68,0.5384344674974182
-81,0.28503448782113183
4,0.0038051862660231084
43,0.3342173266419769
1,0.11497605516537102
-27,0.3679387716872259
14,0.9328386772473964
-41,0.42641233172471016
83,0.8489913064905581
60,0.07096113229827317
84,0.6753404422840936
-14,0.08421132874510207
-32,0.43162782259964516
94,0.2357133917266656
-43,0.3408283849214345
-48,0.6168263915000952
12,0.25513632469445535
-25,0.5870662119811533
-45,0.47641072269738616
-7,0.5487734935631962
23,0.39296350687160964
25,0.36794435314284524
81,0.9835438133122862
50,0.4670475416888007
-7,0.5090297197101322
43,0.25191667393189554
45,0.35803323432249445
60,0.3112688202638003
-63,0.28533340317203304
-71,0.5965998883470095
-40,0.19837665710591856
-51,0.795307678693041
-88,0.23925078357766405
-58,0.23468367891965625
8,0.47539945602836764
39,0.6733086416283336
33,0.865375590334873
12,0.1644244627641568
53,0.8852345559555784
1,0.11869925996060238
49,0.8814705215034088
24,0.6977431691699593
18,0.7180503813898942
52,0.5716827845786352
-16,0.9840784924545137
10,0.8516029892985597
78,0.06653202283650061
-28,0.028878163235877996
59,0.9265681882063657
-23,0.027130239150191304
-75,0.8709721173182271
-75,0.8981846668601111
-81,0.9208654204033772
75,0.3109821802957139
-53,0.251929897295037
-97,0.2226126585685989
-60,0.33384781894870363
16,0.05475381905563104
-65,0.8167681737092432
53,0.2887358665542149
0,0.40035726903514324
-69,0.7407550046353499
82,0.1429794891328905
-91,0.37858500926389393
-50,0.2070111936686574
-62,0.5262779757694228
-18,0.43906466366752883
40,0.6982161385741582
-66,0.5144697582003558
-55,0.2735152494955605
73,0.4628278500133307
93,0.32185158093267086
-88,0.08054343794070007
-19,0.3185757821673252
-75,0.13730462268741594
-78,0.3274052434532255
-33,0.02250131140326228
4,0.7105874913210044
-16,0.9461402714748491
-54,0.16736795247421055
13,0.41416727449809887
53,0.16066229050864034
-60,0.11308780790949113
-26,0.718442987262685
-29,0.7518679825784066
-3,0.4805395425904635
90,0.7743963499815818
-9,0.38398533283306036
18,0.14302262823166123
-48,0.8620127470486717
38,0.8382120889765551
72,0.08521336858209072
-21,0.07214162167337013
98,0.9507830141928431
51,0.991715888859313
-51,0.970324188766251
43,0.38122739723410004
0,0.30217236754727894
67,0.36457279905803475
-72,0.19505950703045072
62,0.6650473989435369
7,0.47116875453308593
23,0.6863706573714202
49,0.1839317674425346
-42,0.6264758469346686
1,0.6855637139513279
59,0.38607619481972844
-42,0.36823515242350824
22,0.06307715431676131
-55,0.7784829169358003
81,0.9731387014666693
23,0.5151294563625692
-86,0.06333096888471634
-37,0.8153982824982493
31,0.21272337155614518
1,0.41149950121967527
97,0.6793747289867156
-26,0.6407503941163287
7,0.061656906078253915
36,0.8469564036514285
-51,0.8128668216545575
68,0.3905980976493447
35,0.0670208344163824
-89,0.5522612161774126
73,0.3015494252178308
-60,0.870251483045769
-22,0.9459285407588918
3,0.9926155274768768
-94,0.22631718795172562
-70,0.5796340636610824
-25,0.3628739899844169
85,0.6896778617965355
-17,0.2720739973897687
-64,0.084158124098902
17,0.5001418387086586
64,0.051828136479109665
-32,0.5703869752029398
34,0.3751869054559276
9,0.877119721891849
24,0.5291174933818459
-31,0.8279233724184009
78,0.8416962707155312
-28,0.01595567787869967
53,0.27750374445082027
49,0.7018823435325653
37,0.4835371898306271
-95,0.9738544711861689
-8,0.4163880386068638
-53,0.32211039082252524
88,0.03674008526367967
-90,0.4664090177045298
90,0.3941308317667106
-64,0.579315951126992
-93,0.7525904598291686
15,0.2917139031761984
-22,0.9381410827561902
-23,0.2997746101111024
4,0.6747447334019847
52,0.031609988788705246
-55,0.5592950697460849
96,0.7091436361938406
-78,0.3924441595828517
-42,0.5542605740271955
67,0.6048562404166561
-19,0.6514807374317246
53,0.4129237334000574
68,0.6713610432174204
-20,0.40973142354931646
29,0.8742885157234889
96,0.4924020024650776
-41,0.41363562667321097
-60,0.18281232991501917
-73,0.3163827555068427
-72,0.49257710372292485
-58,0.7798764130081007
-66,0.8833160164924743
64,0.7426091704391118
47,0.5883425567208445
-39,0.4876310857813779
9,0.49145154072294295
14,0.2579099139176898
32,0.9424767943295443
97,0.20774811300919016
61,0.7584042235349656
0,0.20296763537241036
1,0.28434793238655276
-75,3.3856526888553784E-4
50,0.7325430857985034
-96,0.6846311340501672
-94,0.1822154289246708
76,0.1863166388916574
-19,0.10192122700176809
-48,0.526554066616899
43,0.1824990977909492
-67,0.6865310996683494
-2,0.6675522683146338
-28,0.7389536793876671
23,0.4044245679425844
52,0.9396028424225797
95,0.06761130112943214
-56,0.7011237664430207
-38,0.6247439255196491
-77,0.8699340544033598
2,0.20962138768853145
-47,0.12631267671799706
68,0.36476904849318104
83,0.01895700800045652
-82,0.7358519914422009
-11,0.535803087149675
-47,7.441459567784081E-4
-46,0.8755414462903129
-72,0.24656882414436676
-36,0.40750763051202765
0,0.4586232757728066
-12,0.6455814114769366
-28,0.9364394331956887
82,0.3841205440369374
-53,0.6256076435623033
94,0.18613387519746294
46,0.7613122424355802
72,0.9268420615558094
22,0.21333608922556346
83,0.5960827950265449
-45,0.2457512356647834
68,0.582919188487979
-2,0.4414122963503285
-69,0.003154495034848437
5,0.566122574334075
-81,0.5987226430617799
-93,0.5749899661987607
0,0.41621077831876985
-35,0.5996929604463787
84,0.9548065789955454
16,0.046427428648484814
-71,0.12209899403803481
-37,0.21711465345736358
-59,0.025374136704161443
-87,0.6185614024450737
-21,0.9979385726988724
-88,0.2138346131030191
64,0.9717986022866796
-49,0.805939383077489
-16,0.2825761242780317
-35,0.9253810353811068
97,0.6683262261326868
-91,0.5603883141714704
-6,0.8050422495997782
-26,0.7521431688674854
49,0.427813504732789
-82,0.04858736378738582
39,0.40319475781091063
39,0.5311750330702953
-18,0.0463285727614956
-99,0.201850667688121
59,0.2823348479350246
-78,0.9357178423070451
-71,0.7176720509226161
-95,0.6021156322064599
-79,0.36143400194889896
-34,0.8575494186201267
-94,0.18235042235533871
-9,0.1831710381741164
5,0.23371135562828793
49,0.03293372678662265
14,0.070260475059016
61,0.17244864692358253
-25,0.22865228401125148
-85,0.00985681388924653
-50,0.7723207817361272
-40,0.6762407150173435
-51,0.20416115550326785
-45,0.9224004912778757
-75,0.33351216440884235
67,0.31999505759662783
-62,0.12039209449886845
-77,0.43751824336815004
-80,0.798265814506928
-37,0.3953782713121816
28,0.15090388873306682
-98,0.6701424681585867
-24,0.158864569103492
-60,0.03708704765017379
-90,0.07213608298412222
35,0.8244660879322471
68,0.5584990951368358
-47,0.05492617771946473
-50,0.9388051398083266
-33,0.81240575411633
-43,0.6828472402665053
-12,0.18046113682080245
91,0.6006713521220561
100,0.12466733912768313
82,0.3375217502834309
18,0.6525923261183094
27,0.44522820169706445
66,0.7854994699141099
-22,0.05345776643725708
91,0.2626867520486966
-98,0.8612178303389313
3,0.3091339365318032
96,0.18828807454218832
-40,0.20744228912341345
-84,0.3094780047805058
-81,0.19407661486741656
-27,0.3989812047933271
74,0.3564487597302337
-47,0.5604768309968058
-66,0.6408260356822857
-38,0.5494930162001994
-48,0.8314487115108461
-58,0.6119937737116586
50,0.8592612818107808
34,0.08690999320742576
49,0.11559037958898588
96,0.035756669517342576
25,0.5438545793349009
30,0.6705383048258836
2,0.2635041141113529
-52,0.018446235010608825
-44,0.8380282719003058
-69,0.3706198427839147
-10,0.16682241240950457
20,0.16033081296417817
-66,0.383389593238626
45,0.06683247633322176
-7,0.2448033199496802
57,0.17389605130198738
3,0.855241390742519
-24,0.7714585000532495
35,0.3760053583534896
-27,0.9851854559187917
43,0.7226800352956911
63,0.4780821857503782
77,0.36450177573836184
-69,0.3821694614707821
36,0.8397567557686619
77,0.7939032435478347
-97,0.7429105443672386
34,0.27731236222765465
77,0.8735919843737331
92,0.05223011548530643
-39,0.25455594125157077
-42,0.8556074673658203
60,0.5059971057721203
-27,0.8214434302429122
-5,0.9283663829145593
-81,0.36470342687134616
25,0.8070709305824084
25,0.7276962211176943
-37,0.262652161248508
-92,0.07034479219625067
-18,0.1724038076065625
-47,0.29084453028067814
-71,0.6676962903259728
-89,0.9482031030072187
8,0.7399347670171281
36,0.03657843462312771
-93,0.9821300211085795
-34,0.01227485439280629
-20,0.2581723945002925
-6,0.49244964508628386
-64,0.5743542603385206
70,0.7903750962822336
100,0.9644035502560682
-90,0.8014692466838648
-87,0.2678067424088636
-20,0.3488570938378851
-16,0.14967808511522984
-81,0.594174895139855
-87,0.0876644050501666
-74,0.4415392554007166
28,0.7367723241393153
44,0.4485439080124872
-57,0.6166085823532176
-68,0.8119228420821641
72,0.3779974232798241
-40,0.7368549034811777
-88,0.5685709133485232
55,0.4131353516162939
-66,0.29163326038081594
-72,0.9095772748398498
66,0.04191569642597781
-97,0.3266357977803045
64,0.2989324800737372
10,0.2985946941559632
-23,0.7973043739594425
-65,0.4585697282868232
-3,0.2980533285856021
63,0.33554476282211376
82,0.8205265399383094
-65,0.671763813053522
-97,0.716943765644182
-74,0.6757840752181489
-95,0.376870801416494
-69,0.87170087986223
79,0.324113950388638
50,0.09446426315492895
76,0.7411482454884211
-99,0.7064177614389384
55,0.14439782304517157
27,0.17843101176165943
-26,0.7962699006927361
-96,0.9631207833596721
42,0.1262184405058283
-62,0.7761349694372919
93,0.7333190892566029
-85,0.44841396216549034
-23,0.6375363890870476
-66,0.8874698872327325
10,0.15734829039761355
-35,0.12438767661749195
-13,0.8295740097884964
-45,0.17642936557611422
-21,0.005669296891785747
100,0.5394165200121753
2,0.4005726996067708
-54,0.5717013596619103
36,0.8191945406553548
37,0.14036674130392957
-29,0.3162542299294241
77,0.4837947032536404
-33,0.07242656268090342
-85,0.8820154966948706
99,0.5993216080795047
-61,0.01201962911041432
3,0.4639816338089898
69,0.6598350778760543
36,0.3872483102286641
59,0.1406202714028123
1,0.2970723464932413
-60,0.48389765301711307
5,0.07576966867667967
-47,0.33058363670548907
57,0.33816368171462374
-92,0.9845069610783085
-72,0.5149034660468285
43,0.10212659994820583
-55,0.8320553594439541
51,0.7942653424549481
97,0.9049913386010097
5,0.1725883617367202
31,0.6729328430462115
-67,0.5866357855278619
-86,0.2521665579907115
-78,0.4654329077082173
-16,0.08346844432996836
54,0.0676605561815582
-77,0.9858176370681632
72,0.8382924019117866
-46,0.5378426261749575
100,0.015349055054622474
-39,0.6150314230199795
52,0.6914588398585754
-12,0.07959507551793776
-29,0.5403498119604876
-50,0.10666357222775236
-68,0.7129581895081667
15,0.6315041245406149
-12,0.10187228145071614
100,0.0045978753541117134
54,0.8923173189429207
-54,0.37223172159037
-20,0.4544263430207893
-30,0.1779204573265042
90,0.5923611998826116
-33,0.7632610944073241
-49,0.623798526276892
42,0.48514879091774366
77,0.9068539513334978
35,0.34969224327552884
80,0.21478583813645757
91,0.5723192858452492
-20,0.7515239164790395
27,0.02975038466836477
71,0.8385594439300869
47,0.4846516480843678
31,0.13698988018292868
98,0.0904009052433562
-87,0.21413201766011636
13,0.7646718904096158
3,0.8543314973925286
68,0.9402538595604574
7,0.5462543584539266
-48,0.2340904392676444
31,0.36752416006946154
69,0.13597979431340845
-82,0.11116815517229572
76,0.7123953175985894
85,0.051684810772518186
-68,0.9947480184781856
-65,0.5919934185609149
45,0.5120345719894366
-43,0.04205164285641361
82,0.8127372152064715
-17,0.597130926353817
-7,0.6682266575408862
22,0.8658474637479285
100,0.4685576847171724
84,0.9679111323800889
-57,0.5108507410290465
-65,0.7176529938605845
-31,0.9804632214642969
3,0.9358228661059689
89,0.3665336635657497
1,0.7086427678287892
-62,0.40751994498484123
-77,0.9250067361808229
7,0.8909640401054811
54,0.6710129694113893
-24,0.33743845778835213
-1,0.8122994653487088
-77,0.7746279612138679
-83,0.1311572729176702
-44,0.08756451034171842
16,0.7549672142988236
-57,0.3395749428977345
-87,0.8786229862996235
-68,0.6605627321923498
21,0.27536738968724883
-23,0.8504870237906256
-75,0.15260664152214976
82,0.4426169262812658
-95,0.15212974488996145
-46,0.20023765444511354
77,0.8437245686830216
-88,0.6095093824607375
-29,0.8090499929382907
-71,0.9982909910610706
-21,0.26602060706032304
-25,0.2147308100617844
-59,0.31573932168275687
99,0.9897069768226572
-97,0.992649725299265
-26,0.9738118031538499
33,0.8181763320347862
-15,0.16318063492868073
-100,0.9684028400046494
45,0.8303551630187643
19,0.20265819969529708
-8,0.8684590932761265
64,0.6132145370797998
-40,0.4917883392129381
-78,0.06325002766384358
-21,0.7566429137757585
75,0.9130223092939499
97,0.2566433904566382
53,0.5906831758577212
24,0.3812932880517449
42,0.5578221644773061
-21,0.6202118304493881
27,0.8297540057933006
92,0.8539301287348953
91,0.03149213412220653
77,0.34170997999076913
-50,0.8626270768345682
-64,0.03442017746852233
77,0.18393175576586063
81,0.8836300651254088
-17,0.8670477103107452
61,0.3549189671071429
-21,0.2232923719729435
-4,0.3927411803659824
-70,0.6713205916479956
78,0.5254431937968588
51,0.2545491154493449
96,0.6822432257448258
74,0.38201276977644094
-89,0.04981590068174879
-80,0.4603928050630679
84,0.9958659817997626
-59,0.8956908288467449
30,0.6926392476685477
93,0.7713956959935255
-2,0.6872448758339056
60,0.622603447743615
26,0.7811148590946432
34,0.404632193416691
69,0.3316935089084282
-74,0.548072713470117
-99,0.49994515411968543
-58,0.9634120625900064
-70,0.20253250377561782
75,0.8364580906155681
-66,0.14321365343111536
1,0.8855099896775823
26,0.4904232837265936
19,0.542909670607062
43,0.6240556660352181
-59,0.9032521333971528
80,0.1216939564104258
-63,0.6397279248448021
19,0.41109542038715585
-56,0.8360470211336813
-37,0.5404344326253319
47,0.48699950963397054
79,0.46003963304140794
63,0.47442420340516045
-43,0.35917594983036627
-66,0.08127940999304673
-23,0.6394811077094857
-75,0.5343712011175441
-26,0.3542601083748316
-55,0.9014422167015885
-67,0.6118806735073329
-50,0.6617354492511393
-1,0.8845410273324099
39,0.9374262088847365
62,0.1238595170979081
-98,0.2486846485962788
-56,0.445853491729603
-12,0.5354454726970983
82,0.18434799108261146
-35,0.387695677262225
31,0.7387191594084467
-19,0.022347480561719202
-68,0.6648010072463904
-91,0.6332682855654291
84,0.3230515469244821
96,0.6821444030861106
91,0.44260450574343024
-41,0.36753697479968683
-85,0.66116016947337
-60,0.5493482070944613
95,0.32696114223851347
58,0.4731804475225514
-12,0.10914263468916452
83,0.6565917270378978
5,0.6559576402014198
68,0.7055051687430729
-50,0.20679323236267022
-20,0.8281181183964965
-100,0.6341804550289235
49,0.625305449975074
60,0.4374446563584182
6,0.8460745365671327
51,0.1921597155806215
-49,0.20507966923097842
7,0.48169993477481465
58,0.8331454550886078
-45,0.39208682729325717
59,0.25340854940063795
31,0.8727993334968076
28,0.9929141487669424
-42,0.178663647394379
15,0.6157776546515409
-66,0.8764067945125358
-15,0.4284417535798788
37,0.5796063648055336
5,0.7048535768906339
97,0.3638896616935273
85,0.6199047924799661
-17,0.29724070946288095
-89,0.2891990344382145
-63,0.4257037500500498
31,0.28373390086268346
-41,7.89336680711128E-4
48,0.6266392880143624
6,0.48028600138514677
57,0.7585480269676437
-38,0.528366243067704
-18,0.966968406434252
95,0.6738946886436774
39,0.7672796804416553
58,0.6383572737082369
35,0.16841089339904736
-6,0.43812762829502505
15,0.39023867627616216
-38,0.9117796393998271
28,0.673230229314607
-11,0.17438648725998718
-42,0.35046319845473517
87,0.9003774886404841
4,0.3701029700253229
-24,0.16834572043726037
0,0.2605586776703904
-59,0.6396249419840451
-36,0.9343533597734589
71,0.0025225674837090484
11,0.30932629964762914
-64,0.20147132972874204
-68,0.08186980795149035
41,0.9313341795908399
-84,0.976835067418483
-70,0.048578374784509326
-70,0.7985015102422027
-73,0.9105673418219896
-78,0.7581921610941013
-86,0.5699623335131064
18,0.01395983205042095
15,0.2319742269389482
-83,0.5491184799467406
-21,0.327368673287746
-15,0.3777255458781048
-91,0.003747902744524634
-72,0.300537672512331
8,0.2223705807083538
18,0.7641899374055631
76,0.038919580561036615
32,0.7847382271852181
-20,0.0060969787532970665
19,0.8852339456204699
-14,0.06625892209420747
-89,0.8322703365843456
-30,0.2966595180496956
43,0.9206762661912209
-68,0.562047863899966
26,0.19659020746379563
23,0.5437622101812366
81,0.39049796445271046
-65,0.9161372835711847
-56,0.28256639498630265
-91,0.1856414679841094
42,0.5874775403550463
-58,0.09198498583660042
-78,0.33531422486926443
-88,0.5803982048001304
49,0.7648472181701332
-35,0.4179126319917912
42,0.32742608489998837
73,0.161948007114756
11,0.9308072767622335
-73,0.6556082532528748
-44,0.7055164245307609
14,0.6702289812089467
41,0.5402125332656407
50,0.031939892638681244
-84,0.3611025901522755
-10,0.23597162154869455
89,0.5934710363722617
-2,0.49143506847441987
-74,0.6761935663051316
95,0.5622483191189379
-87,0.6536718204860638
-54,0.029320309482077533
85,0.26056065880813073
-18,0.4381848275059861
-30,0.07518517566870664
24,0.5988028309127387
68,0.045515267012655514
97,0.34462988316913135
16,0.30045547939519757
71,0.7513171226436763
9,0.7281212800005631
26,0.9672428449654306
25,0.4264329315380011
-5,0.8647467686381476
-99,0.17012009177909937
-82,0.019374166717835095
29,0.3680675320805121
31,0.5421719942988801
36,0.24744871219806786
45,0.8952763777834775
78,0.8535146281926301
60,0.52248175878773
27,0.8190824963524636
-26,0.323598565040184
-7,0.17417874747044748
76,0.2342287280719869
59,0.9380359204168314
-71,0.37178043159936347
-43,0.08244782988406052
-85,0.9453943335482933
-91,0.16270603156381525
-58,0.8638766228661335
16,0.4809479469486886
-15,0.3142701750531709
75,0.8433449604474098
-77,0.5175057304135973
-73,0.5793738182189582
-47,0.030451221191223676
-66,0.5562997000418569
-58,0.8800329519534401
59,0.008427849589874525
43,0.14997498325059377
94,0.4377582260421172
-64,0.44975864080110217
-38,0.9751268213210208
70,0.6749306412509665
38,0.02909340534185123
-81,0.20479999028990759
60,0.9197115359444277
32,0.9054000314524151
-29,0.38749713438573896
-44,0.13051624660252392
-74,0.2916219042654016
-46,0.10038268097228775
-74,0.6384487950026817
46,0.23574276334331068
-66,4.7595575218639663E-4
77,0.024395152157978717
59,0.8506642179498685
-66,0.9787624756044357
15,0.8177180895890832
-10,0.027724741150046195
-26,0.09952175806763608
-93,0.9858579903166286
69,0.5055786553700704
66,0.4108560963116521
-28,0.8515651309982594
-35,0.43845158577581766
35,0.7322127886675316
-27,0.9573787137627568
0,0.35053284132978924
88,0.5292537032775806
67,0.8953640087324336
-67,0.6847222327398861
-97,0.5144665611952326
-46,0.9435056650801842
-96,0.8216237625837006
41,0.05835566345683951
92,0.9638018671893143
91,0.40831575937300024
64,0.9343350605741088
12,0.142625121289487
-89,0.19194651733162738
-36,0.9712516850209366
8,0.8904150434570043
15,0.42019480194270187
-98,0.5627029205260509
65,0.8187674065464581
-49,0.8748474669004713
-2,0.302094012983414
38,0.7729931102802056
-29,0.12570503761079477
-70,0.7113229380007812
-4,0.671662445403166
-41,0.654695980024078
78,0.6390281563098005
-52,0.6984815445769832
-91,0.15822513889841072
-29,0.7060081417328061
95,0.442105326890884
-4,0.6134382089997409
2,0.22011761731551627
91,0.5405915029126529
58,0.6202781314375948
16,0.6377488926708001
9,0.5317201928802731
-66,0.5218717444910292
30,0.3541109498095596
42,0.05570111526946031
-78,0.6154504412730937
52,0.21020415660387637
88,0.303634432707792
-93,0.45078975387909503
-61,0.1372009517574473
-50,0.8922241876970703
-99,0.01505861756615523
-82,0.7834651301179391
-17,0.7924993678095266
50,0.3845519242350587
22,0.48084532747914677
57,0.1717171539935889
-13,0.25070596715998494
-53,0.5081214111514497
-91,0.9146940169536123
8,0.41578577300212183
-77,0.19585387900042195
-89,0.11475691915717912
-23,0.2649089904932218
-57,0.3092645167271626
-39,0.10527557970055113
-87,0.3142202009385824
-59,0.9827800086743335
-41,0.5610907990824906
22,0.04094848387760763
76,0.5978040981245093
-35,0.08702260714209797
-80,0.7163925757852049
95,0.3935316739122512
32,0.8836494438470618
-75,0.6209882864917373
-84,0.8088881292145705
24,0.21535464098017143
40,0.11931408156692369
-33,0.18626848763322812
-7,0.6035120952430536
-45,0.5061582086331382
10,0.9687236931805701
97,0.35448134867727377
-91,0.19516729569387503
-48,0.5741765775395781
-25,0.28348653147028824
78,0.40844300974313863
83,0.41797854048715255
-67,0.3851888890780988
-24,0.5126551630713212
-6,0.04459029583344365
15,0.9891513748890004
55,0.6334573510504667
-82,0.9403699450691619
69,0.3804351503501253
-13,0.5625149351097984
-12,0.12100830586062361
14,0.6574207191680765
-97,0.8539953438054854
88,0.899054966012559
-6,0.9155015772098285
90,0.4706146203510079
-55,0.37656037128358244
-56,0.17521927698309825
-10,0.671972586830196
-84,0.5329396177321919
52,0.4058147967302699
-100,0.044504926394340005
96,0.45002064098494143
-80,0.3378645994220839
-81,0.44325640361327534
-80,0.4438125477363367
-38,0.33555596894419026
-45,0.8627188515863758
81,0.8280091975717145
79,0.2932799216952874
18,0.1850071649700521
-7,0.06894509986504838
-74,0.5985470907969666
-86,0.17678383042340307
-1,0.8499295968103342
-37,0.6711217282897508
-21,0.6245063937406762
51,0.8100250469412659
7,0.31124464864972967
25,0.07200160521690258
-99,0.17268060384170736
-45,0.6040886068573832
-27,0.2548785155343718
54,0.6274164123240249
-77,0.5644543916108244
13,0.9145977928820437
56,0.754358479034174
-97,0.9527468192235007
-70,0.6063480920396574
92,0.6300564439251591
-29,0.8909634550816252
77,0.8117605260509445
82,0.031007566165104694
-19,0.5977016657085277
44,0.33831494899072156
-10,0.2389718412637606
-40,0.2728892537970974
-94,0.01116450543757197
-69,0.16583339613883297
-22,0.9382778483218401
-55,0.5210530027267429
-94,0.2914636228749671
-19,0.37427399944909445
22,0.6734777154457467
23,0.14089094327156115
-31,0.18133300197044366
-74,0.9665952837169638
81,0.32038377919414074
-83,0.23728299149481769
-77,0.742611536201618
31,0.6787024782668254
-67,0.48558365861369124
19,0.34358518557704565
-74,0.6973988438886577
83,0.8471471988563515
73,0.11351540846999364
-52,0.964019967550613
-1,0.08590816537954882
-69,0.27465371388879267
-17,0.3013681421198664
15,0.9714524704030625
0,0.5274238409765947
-68,0.3693810641022046
91,0.6204227894566392
32,0.6682000586158088
28,0.4654975326781108
-29,0.2801199209158157
-83,0.6027992294579246
-3,0.6544372705021971
60,0.6544934679979624
-27,0.22716120056241718
-33,0.6941772184107754
-87,0.5169217492955605
54,0.8018203086366275
34,0.7373635858935323
-6,0.8959102775563906
89,0.7501812600111675
-79,0.7186628152797981
-59,0.03198514749186243
33,0.5240534265403649
15,0.25296556331720277
31,0.5517542262006974
-27,0.38713417907315584
76,0.9981772026632483
-35,0.20468115670830556
55,0.6697055573791685
12,0.8892327567412904
-71,0.33944128386044436
86,0.11969126504704863
7,0.5596358276108552
31,0.6416761988943003
-13,0.10525390290804415
70,0.4017768047334871
63,0.6533225514767633
57,0.1439099357621082
21,0.8169435268956161
68,0.7767187872698232
-58,0.34681980737314955
-71,0.2604352153164391
-17,0.547221539283551
-55,0.5678763995216884
1,0.603466069919263
3,0.9247933122754847
-89,0.22581604084835794
-21,0.8977990214347551
87,0.4374322928722849
58,0.482367687781186
73,0.3945084533979284
92,0.5483245683337457
-76,0.2634359879820326
39,0.3658819484278999
19,0.5969063067055772
55,0.39228078911157194
76,0.5679741098900462
68,0.6187611419755775
-78,0.3236366696085822
-2,0.021819798353560738
-3,0.6084043261547937
-66,0.6340624743991268
57,0.4502470281902853
-7,0.4415804512353907
1,0.8784303969413979
-11,0.36047090586163866
28,0.40295124579859976
33,0.4692875292323587
-33,0.8920241178445389
82,0.14189394064812066
-90,0.8664603627663032
-69,0.7920598703867189
2,0.432542980769425
93,0.3034794303488687
-87,0.7084889046947015
53,0.4636149028603418
-21,0.7897790539524049
-6,0.5744183638820323
37,0.9371298386580984
-84,0.9957196669732976
-83,0.6649013330191224
65,0.4466848346591814
-30,0.9301419492172651
2,0.09665380762130749
93,0.36173012108792746
83,0.6089035416053015
40,0.8792955534570199
-5,0.5401133579001324
-84,0.602508900410812
91,0.6658245154964226
-85,0.3782739608165865
-83,0.6098979491402581
-77,0.8073154092059137
-78,0.4564241922904334
80,0.3492292668894522
26,0.05888920683573229
-75,0.958480531575647
10,0.417440333410131
91,0.0509433215388394
-45,0.5452407412417606
-20,0.23485952149619105
-7,0.6041878246640623
-48,0.7406454825070559
-26,0.0643655758265812
-33,0.4455277556210785
64,0.17679158054411082
22,0.671890932116026
-53,0.9822198459866306
-33,0.9184484866399867
-86,0.3875112366877108
76,0.5025047955984875
36,0.8935463018940561
-14,0.9068876579404841
99,0.36362193768568063
-66,0.8594483232855725
66,0.6781549404378647
-1,0.7648268372311962
23,0.2703544426076212
-23,0.7615659224577346
90,0.8089822385431054
71,0.11235205618077304
-82,0.7596866322567473
47,0.8365224059739942
58,0.17758457627629587
84,0.9629728811361631
-29,0.9633178019931983
51,0.7848422487242007
-70,0.4458852399477399
-99,0.31705284854203664
-33,0.6719461616247601
-36,0.34181322891363497
-76,0.20740885147792731
78,0.03900830059900806
32,0.7580087840599884
-41,0.06711969190928768
-77,0.0469008395013627
95,0.9306601404655075
-99,0.3453327561217925
78,0.6524207881612313
3,0.9241437229205186
-50,0.7890986944619955
-71,0.7066846999902818
-50,0.07869172327519136
67,0.17594593774988976
42,0.8946490889391261
-67,0.37899581948993666
13,0.8779972347355637
48,0.8296934481633791
62,0.8130008779330105
17,0.5260774714688115
-94,0.9584678002882734
-88,0.8525175055265285
-70,0.6152918842124611
50,0.1499326776034493
64,0.9366009495260392
32,0.4220473205440698
18,0.620913607423698
40,0.35430680539953885
-26,0.6876118520248499
-20,0.29787893768113416
-81,0.5500310689206032
90,0.49791074652596545
-65,0.8724081685877951
-61,0.8973070889784215
4,0.5362875970444029
61,0.7397880739890004
-95,0.5288665844640198
21,0.7345299514642989
-33,0.7948905026500694
5,0.17558759231424925
-24,0.4254391569663898
26,0.469450965837248
-60,0.8672513676195898
5,0.49104093488607525
-51,0.7667201511878273
-61,0.9303664637934204
11,0.2705800601876295
47,0.8177347626587985
18,0.013454472606639567
-70,0.12424090485880757
-78,0.06930905558020428
-72,0.2663051768281648
-79,0.033571381106474396
5,0.42893673634167395
-38,0.3549506173542508
35,0.43347216824658064
-19,0.5361781173229913
-54,0.8736790897232928
50,0.8719663873205284
77,0.03186993724235365
74,0.7570497585515898
-63,0.6571998724998489
72,0.05945515189475281
-50,0.675418722572858
-9,0.6620034665632776
-78,0.8274200693792432
78,0.5919412220474713
-48,0.7680225015800586
23,0.5136463995093352
-4,0.3521929328002299
84,0.09727263998523594
-40,0.38966589142751296
61,0.5073384098647955
-90,0.6475445925068689
37,0.10561466754417337
-72,0.051523061801736714
-27,0.32381239069970713
-42,0.9980132371402239
-17,0.4407507173899098
-57,0.20048010665199134
-30,0.8687458992083592
-76,0.20310161446108366
74,0.20337941774502477
57,0.39351151713028665
61,0.17368062351510838
-35,0.21452165100833542
-21,0.21582337604745128
91,0.13364059853472343
48,0.41803612110243105
78,0.4908245961344604
45,0.2985409663666888
58,0.4617526274344884
-47,0.29856745227164483
-4,0.28917334209380297
10,0.031060149406255788
65,0.532318534385919
-8,0.5204666311640128
24,0.1384283371149082
45,0.7134286807683566
15,0.5661260270442133
77,0.013410271533314644
48,0.29338227386908033
-76,0.08900282632071588
37,0.7694042039241087
58,0.5862066595778199
74,0.05689263394164035
65,0.015372218922470315
43,0.03626677605939432
-72,0.12529757293054855
-26,0.47482569155847276
12,0.6774459009587271
86,0.5101878335415242
-75,0.11522168033126268
-54,0.0581390430871318
-65,0.1252002662185615
-81,0.37026333693410096
-68,0.21324730056178443
65,0.8670946063117938
-78,0.8883173424249433
78,0.5293009116417221
15,0.8457349219933323
33,0.5045069277099289
37,0.17091715693782827
-86,0.2833186906506131
-100,0.3103902516640489
12,0.3080970023829299
10,0.6618155264715292
32,0.33582403179963505
97,0.6664214435483405
-20,0.30643500075078467
38,0.3092143496705161
-13,0.035281323802642706
-93,0.7737142298825224
-87,0.3086194378560507
-73,0.5034588906491899
-15,0.11046733872533399
89,0.20249169892176966
-63,0.8347548935942691
95,0.9874722395573398
-53,0.6659518530566642
-14,0.3765257797814442
13,0.4624538158734174
-86,0.47170432663358175
10,0.7087300084647778
-32,0.23582022115976042
-79,0.5640025530863957
84,0.3689092095717882
86,0.017072010859920383
73,0.908785187574595
93,0.3394952576778466
-87,0.28379075932117404
68,0.7339451532926395
-99,0.369276253041951
-33,0.5131540929879611
97,0.8935337986053177
-97,0.6699017663146463
-70,0.820471464959002
75,0.05321738503720752
18,0.6374639934848892
1,0.9341159792334552
-89,0.5954119774409319
32,0.8001921932267834
43,0.19755638938337716
24,0.1772912976364971
-90,0.6931332468992655
13,0.9439313531459383
-25,0.09623927013301437
-95,0.42644990704115204
52,0.6796652263620961
54,0.8769092632466017
-22,0.8639165100411095
71,0.21915373167775287
-87,0.5747820296735084
24,0.06923481491109273
-28,0.13585757610880533
77,0.5034965218261055
64,0.5182323145265701
19,0.26035373848730536
-30,0.7265822641453783
71,0.5602449422501937
-100,0.4632839706009899
23,0.4430570161568703
-28,0.1995920373155684
14,0.02479596530223116
-91,0.8807677497711326
-67,0.827325629436708
22,0.7012779159367419
-44,0.9391569560275679
-56,0.4734063553874204
64,0.21470646342546162
-92,0.8600607296772862
33,0.6479436879973283
-91,0.1980667268981281
24,0.9883277295414366
38,0.36529588480770137
-2,0.26743075857364595
78,0.47267525998182225
33,0.22932708823668202
63,0.43520211155969823
9,0.4029779593323418
-23,0.3048868219731561
74,0.3073785194607659
96,0.7590495110669717
-52,0.7676950269240439
-7,0.2212003713199434
-5,0.661169565551059
90,0.6560691658927473
-69,0.3639964775958556
3,0.29806512897966964
-36,0.38409321120386963
-55,0.13202289916016718
-77,0.9297371400613503
-12,0.3006233969905192
-58,0.6610836879471077
-73,0.2340987760942661
11,0.4219081871468372
-91,0.9200869652556203
18,0.064439140997673
-59,0.6057737608123943
-1,0.413412390214714
-42,0.3673462591673893
75,0.20963820738829986
-1,0.4255123718817493
-41,0.4122265182120798
99,0.12826258878695918
-98,0.2965716340508142
-78,0.9766459293415933
66,0.2772978282798134
-97,0.5151953463815712
-27,0.6172743217619409
98,0.940504227511058
-15,0.10181052168981031
-27,0.7596680463325514
1,0.1981567363254112
-8,0.13084751976218578
-59,0.16199723998506976
58,0.7826779365199114
57,0.3628993000218491
28,0.7948735900899303
-68,0.7884598982590701
65,0.4520063346849922
-33,0.151587048240852
90,0.7945510557505802
-54,0.3070028292832565
67,0.08998734029589883
-48,0.21232602823627855
-44,0.9517568193394687
75,0.5172703867557595
97,0.23054543362613744
79,0.9934968244533079
-5,0.591671798862415
55,0.5300207090913964
-89,0.1409126774135837
-73,0.8079651715386564
54035
