300
5,0.6106133783246102
81,0.43616340474527093
-34,0.8269790084752192
51,0.0501669881489335
47,0.7053611820394271
45,0.28088438409880867
-44,0.11278434367612533
66,9.031266594664578E-4
72,0.31231900893761955
-4,0.5165758445959155
99,0.45095107434049375
-96,0.6834438917368877
57,0.21588825386760946
65,0.4994308729732907
-10,0.09226362478969352
70,0.5162019003477847
45,0.8754775250953027
87,0.45446682583494014
-63,0.03832079649358022
-96,0.906110829542579
-16,0.3369018288178107
32,0.04177577874445537
50,0.28622922616733104
-68,0.044429483355721056
34,0.23768520622277545
-63,0.17571311662814137
-98,0.1537880713384857
-37,0.21123667756281517
74,0.4734361726343168
-77,0.6029142763655504
0,0.881728287909636
33,0.43093268108118477
-96,0.29656667330257813
-98,0.6756937587888961
-86,0.9292972828168344
59,0.8923517436597876
45,0.10397674949682045
-20,0.21929405111547695
47,0.38045513412995113
-50,0.14962993048705586
74,0.9369289699729075
50,0.384616949446244
18,0.6601763816026389
-15,0.7537606018584128
-70,0.7641878388200615
-34,0.9024831727630498
55,0.32382705790208366
18,0.6298098324548211
-38,0.9486015249801776
76,0.21113055863731378
32,0.027313373183147305
12,0.2110526861424048
-16,0.9076540765969294
44,0.5155749918042724
-90,0.911675687271411
-52,0.06883030684798652
-5,0.870118496802721
65,0.9556227021501805
66,0.5430266606945475
-33,0.5357169261707497
-63,0.803792461217388
-71,0.708735845662008
18,0.23721050672066757
61,0.6096251537584806
24,0.043399513249412824
-58,0.034618390337177174
0,0.06828563250195219
0,0.24776654714876323
46,0.8830910991999673
8,0.9803022307300656
80,0.11091038205009796
89,0.011923869361395667
-93,0.4145853441029297
100,0.7076787243788089
-78,0.4989374710058654
65,0.9102804727375925
65,0.1898307762827679
68,0.17983359322952996
-31,0.6959997599208189
47,0.19609104536586153
-92,0.8661844972596853
54,0.24820871287235968
-3,0.9685965354116522
59,0.8297674159834434
90,0.8524456665636279
-12,0.0195267465588429
26,0.42816545707630116
96,0.2884917592809463
-63,0.1156871944797695
-89,0.7495800535654703
59,0.16585280903427613
29,0.4162590002928449
4,0.7316795855113593
-62,0.4103984927885611
41,0.9421704795228162
-42,0.04728897901057216
-38,0.4658028438588002
92,0.5079750797686448
-1,0.6134551007731486
47,0.20703812209510275
47,0.6566937344592576
31,0.6896426124444879
-45,0.9780210474540768
45,0.7975794709527291
-53,0.9414772043646951
38,0.17335823861870792
0,0.0071258862101293285
-49,0.8079088748665108
-36,0.9092824839638226
11,0.055567256337720305
-30,0.4893431246398884
84,0.2547742574687153
4,0.5988457693332067
-93,0.10998112936381788
93,0.9616636791311984
26,0.25591407479411965
29,0.8663532553986011
-72,0.7765192686637612
-80,0.4266246057122969
66,0.8651298521273657
-38,0.04127928859374397
60,0.6578275806007635
-75,0.7619890962185187
-34,0.557406983425114
99,0.9608268320992548
-29,0.9902015272832985
47,0.9179795569265965
40,0.5423369518893505
78,0.42767790396525984
33,0.2364048467892157
-88,0.9667911837162458
-51,0.4053832005243707
-52,0.3711143456942777
96,0.15978965904344933
-6,0.8200905818743002
-83,0.9290721068313451
58,0.5081699891570832
-63,0.4822873806219211
-16,0.9624301166627389
-51,0.32997900211128506
26,0.0993271124752736
-64,0.5032542682061356
-60,0.8619857598794961
-1,0.5624192626419935
99,0.47237208685808585
-93,0.8618190902121524
38,0.8147522806989859
-34,0.7860424470757241
-20,0.3483756921010881
-12,0.962294953886001
-54,0.854306265808599
12,0.5720671807772041
-20,0.6453662054124188
18,0.4503807537442419
-68,0.016474495246406873
10,0.9316836391029046
17,0.3581142913356423
-89,0.5272925302360187
96,0.686720917859242
5,0.7901888640968977
-35,0.3165504282809527
64,0.8196284036909648
-27,0.977793052787724
28,0.10171007242628227
42,0.11068701177363294
-65,0.984685330402429
-75,0.0861440377298005
-88,0.40190946225732627
-18,0.23651955317207085
42,0.2241093904965007
-31,0.35787434049464006
-41,0.22985351519347497
20,0.5652316842743338
70,0.4031763283621197
-79,0.3584126685696175
-27,0.5152687474281781
19,0.5671316171834059
-10,0.5286619452793222
-40,0.584882860497048
18,0.7236946942404343
75,0.3320981690372754
35,0.9251769671146707
-34,0.5860796766724534
-35,0.2795845079487165
-70,0.3199167491666838
25,0.568004750288062
65,0.16220328837764197
21,0.5461919444862434
-28,0.9467368863917798
-2,0.6798939430544372
-60,0.004978640752198671
0,0.4311231069543632
80,0.5679845409333928
52,0.8799228060512836
58,0.6085124383407158
-25,0.5077201537989825
56,0.15341410705683733
-57,0.8844655428000481
83,0.5322171069174342
-16,0.3949832481141664
-17,0.9665862667547342
-9,0.003455470654859627
26,0.1293577373861179
62,0.022526144193297015
-81,0.8589100575159477
6,0.44955329801895616
38,0.6682542547449128
80,0.32209964999598284
75,0.367488045916023
-71,0.7834935337825863
39,0.36789818869585644
-52,0.8335068872653362
37,0.6663563022081864
-61,0.655795666283125
-44,0.24571926199590188
-16,0.690272306121363
-86,0.5623113448342211
-7,0.37319095508457745
5,0.8324642552009707
-4,0.45921665747279306
60,0.14936843582837533
-78,0.7175296748568445
67,0.7476267337504242
52,0.3481280992821957
-26,0.4399970103563188
-40,0.8755979134422325
61,0.848592814899515
48,0.36700949881397193
42,0.27663043567891166
95,0.3001868256708249
90,0.1676452227330194
-2,0.13092064834677675
-89,0.0935490742850561
81,0.8159213256855427
-80,0.13319341772759763
-18,0.12622310106303436
-97,0.6470870426422604
-99,0.30776971247362384
65,0.6350753779684144
68,0.4270748357523908
50,0.6612146623107287
76,0.885818952340306
-71,0.3385022116211548
-80,0.045310513269414376
45,0.4459001705393755
96,0.5068153429407513
95,0.2771936665843401
100,0.32438236329865267
36,0.9372559717240887
-82,0.6511335246324993
-15,0.163479655811696
0,0.0468259322395832
39,0.2813257645971201
-52,0.8032515496772821
8,0.04161818354814062
88,0.214754002127729
-11,0.03747113537682556
2,0.16447312208608666
40,0.880308426246603
-16,0.784170464717934
-95,0.3126673546591102
-21,0.23855280326928585
76,0.4513525612096366
-55,0.9864358605317496
58,0.6546195413838634
27,0.6740437506537725
47,0.3736475492208309
-50,0.25400477898779983
-30,0.32946247799389305
-13,0.021601371735649244
22,0.515164500887471
-76,0.18259464256953117
-95,0.6889083291764132
-62,0.8701409393128471
90,0.04029920536349918
23,0.40823416462976614
-76,0.6920583290935921
57,0.16266060892217804
-87,0.26595491601965615
38,0.7551792434846654
-84,0.28869626469936693
-74,0.360706014492989
-32,0.14694430712144446
7,0.5194728043995811
81,0.2937327144593843
83,0.5258660107157486
-93,0.649774127159165
77,0.29296422860180005
15,0.5865709330510102
-83,0.3173536989048178
87,0.49360334403728656
40,0.30389323144824054
18,0.9545166921186815
77,0.3666407992686562
-57,0.7381411355881863
81,0.8526818040856857
82,0.6659558462394098
43,0.48327713372031833
-64,0.4804783977984056
69,0.05536730645997667
4707
