2000
-57,0.4093915248576372
-88,0.6789025944459144
-17,0.49969092291729755
75,0.7966339030687319
23,0.9693380057563842
-60,0.8053108559470692
-25,0.49483419053606026
61,0.07518917984462559
-88,0.4281488093649366
-55,0.09118834959201494
84,0.8557361983515299
-68,0.5203550086612784
5,0.03511712196603334
-84,0.5823227107260939
-18,0.1603303431506814
77,0.4522661533248429
-88,0.06881851914288073
-5,0.6802767520676095
89,0.5552341629987125
64,0.6463384602131805
83,0.9032117121335914
-69,0.9886954136298275
-53,0.35095291001300766
33,0.2385436196976113
0,0.752741316744996
-31,0.699431224830187
6,0.23408875861448475
2,0.94993718095485
80,0.22659978560293081
-62,0.38814811000890337
71,0.7389194127020264
8,0.5318369373848948
-4,0.9170326514461414
-78,0.535351926607892
-52,0.9810631331247878
-7,0.6699639981712727
-87,0.12254765728401296
-11,0.5663350618723347
-48,0.29754688335530366
-30,0.45402203188577983
-14,0.4641151522087287
-41,0.7123119824509486
68,0.36044749424737743
78,0.9186046334096257
18,0.5909229087710496
26,0.5350612372628889
-50,0.535376115400893
-28,0.09198490159013872
-76,0.39197636853719664
-95,0.5286787263992596
25,0.7414286236306572
-2,0.45125512197689577
61,0.1308105975800371
-68,0.8145860394552915
-69,0.8358255816741176
-84,0.6754485227297756
13,0.7028076121855253
-87,0.5797266037662939
-16,0.5943174051776741
2,0.11268974018952682
-35,0.7780890728301209
97,0.5729217731859593
65,0.6875315170107424
-20,0.4330833604515959
76,0.9376806100821803
-83,0.6706476988112581
96,0.6637903822217053
-75,0.5259657907833091
-93,0.03662134218602442
-52,0.2510329869122506
-30,0.8405301147903869
43,0.818307905338882
70,0.9349177884924936
-45,0.8736664086397951
43,0.17930182388114935
-58,0.8404714367042421
-53,0.4257185644528355
11,0.5528428338245149
-13,0.6734384164780824
-82,0.046185360408831144
-47,0.6598128764311327
-64,0.7331642663581065
-47,0.5128223376118909
15,0.6055227921275573
-8,0.6165316349921276
-25,0.9289529854897043
15,0.30678986598956537
-70,0.13282289046185636
67,0.2033577004987286
-62,0.8727212778585519
18,0.9440605753400777
-13,0.08591670679478958
0,0.3800272669873538
45,0.9329830545853118
30,0.24768099616950223
98,0.8786793129416451
-68,0.29763162818731304
-93,0.5079800658342628
19,0.44332388392896527
-52,0.5858452364492458
99,0.8192049157071032
69,0.07943591904136915
-98,0.6008853905715894
10,0.48718796255644703
48,0.9455098671047658
7,0.6192389842351489
30,0.6321745740226378
97,0.5975782727126652
-44,0.6082105241110629
4,0.08199519462191085
42,0.13159100785011613
-21,0.760100660974644
-29,0.01234687599724471
-8,0.7876804595099323
-30,0.3320376058661946
8,0.8413204369421265
72,0.21100356360714378
-19,0.601161121603768
-7,0.7149176303501218
56,0.06095908426082197
39,0.8772909981622505
15,0.9491409081111011
-29,0.3609165077062446
75,0.5126485251454815
-46,0.3022335494702918
58,0.8801308816161009
17,0.9573700250168352
-35,0.48809992875197605
-50,0.49188695311091213
-8,0.5693283599475485
-35,0.48837306460097674
-47,0.30393591396817643
25,0.862982258862282
97,0.8978301690920762
81,0.025383451551657665
53,0.9485999221709047
-35,0.4436218872902099
21,0.9943940404042411
53,0.7089278540139672
55,0.016169775245483242
22,0.6740279427217258
72,0.9180014746025555
27,0.9661179776533076
-83,0.07456705832468724
73,0.8720717016801081
3,0.9807643013840028
81,0.2440369797564801
68,0.827567844409131
5,0.17928767750720298
-99,0.563256090787715
42,0.05565715593720166
-70,0.17318427354865207
21,0.3353037221547662
51,0.6581390273308887
17,0.932802162608807
-57,0.5354006423964233
20,0.9420943939319081
-43,0.7929954546186545
-32,0.9597680811652344
-48,0.6519118016826969
-32,0.9741918120246092
44,0.429562705524558
90,0.9215695913394656
-40,0.3374255163712194
-54,0.16696434869311205
-87,0.41410863553924204
10,0.7423785537423856
1,0.6102545971037265
-60,0.5723005365408084
-78,0.5624746814858944
44,0.812574521089451
-5,0.969338823587962
80,0.009511807302827524
79,0.003351784385925982
83,0.006927809318773126
-9,0.5395006230168095
100,0.3589943074156019
-85,0.47464442370483106
-44,0.6817872836106793
4,0.26465227353083964
83,0.6471668306828495
70,0.3703159577549897
38,0.7057470843459632
49,0.3218370129270113
-14,0.6534279159743299
52,0.9688986091032722
-45,0.6261173610496911
68,0.45340004323190997
62,0.3333525536509482
69,0.9398897213108492
-11,0.40262620175467345
36,0.9702495821195408
2,0.6970745841582877
5,0.9205455926737506
73,0.7501314932395576
-17,0.7660824946357572
-51,0.9077781832375121
79,0.6831224177136451
-69,0.023722349745133875
-90,0.8006124213986814
-66,0.2724479792471769
-46,0.17140416956425608
-57,0.7524423584323505
76,0.15925319087089707
1,0.4855039932007126
-41,0.4753947783312116
36,0.3819674986275623
-32,0.9773736981136595
87,0.955674284267354
-7,0.6343425432271663
60,0.5219237452810517
-34,0.22915498814143742
27,0.29743453522890284
9,0.01080272716077113
0,0.010130636154598638
-18,0.6242438528295376
-43,0.10057056878897996
66,0.8622336404929117
-4,0.40390877835500616
-20,0.6298118777474665
3,0.9048962612419387
72,0.6516609592678905
60,0.08769088630354405
-50,0.9412924582323141
-86,0.9018858128485925
6,0.585233335386817
62,0.04652716715186023
93,0.5619825561133532
-38,0.26095602314929356
86,0.8420322837290759
-31,0.4966780272263789
-68,0.019860129791993586
40,0.13536077654613876
9,0.9702876256922058
-50,0.9873379738348613
69,0.14938206205630433
47,0.34113632410168926
12,0.9641892314291588
10,0.29163658508411106
-48,0.29669150890365215
68,0.4222628668873154
14,0.6067750633078877
-15,0.39041399631833096
78,0.7685777944504908
-72,0.3161839887597898
97,0.7669138506446235
43,0.11886952029453002
-78,0.8386957899866465
-8,0.11605260420218555
-26,0.4721907133711136
4,0.5940340607645135
89,0.6489660185510875
41,0.48954822347422966
-79,0.744542317423898
46,0.3701181969999804
-37,0.8997407899102491
-92,0.15883729581853623
-8,0.3817778165342488
16,0.3791395063791252
-18,0.30923525608992697
37,0.4722243688220733
-80,0.09566032094866384
-68,0.10583442131623044
-85,0.4408871876880509
77,0.5052689887075245
-25,0.676013466619152
-89,0.11871100010661362
27,0.6467226003518861
25,0.31761965067010345
82,0.14035561991920553
-31,0.03320120191614673
-47,0.555468701841417
-100,0.9615421523178816
44,0.14985461959854107
57,0.21822215037696902
-23,0.7460696419163482
39,0.5890972396606183
14,0.3249339015112107
-97,0.07405811536679752
96,0.9904249302318827
82,0.5371479919528712
19,0.4776505151603372
24,0.5073258265370962
60,0.7235836215897664
-16,0.5828546645198109
-92,0.19300446560691142
-84,0.3078878478173115
-94,0.20529267191683975
26,0.6570411046765902
83,0.6376278640571678
-2,0.4929298989877503
-95,0.17371056326889656
91,0.17879295613963853
31,0.9518414709672057
66,0.3250199519183048
-82,0.6602624483778209
-51,0.8318752514439399
-76,0.08985506876153682
-43,0.6338181054933681
-32,0.03402656205426957
-100,0.04203284350473602
42,0.5129276162249387
90,0.27520815960220546
-71,0.27470590211469936
-46,0.6339639946937587
9,0.7115917039689736
59,0.04697290024683021
-76,0.9351531831413471
-85,0.14773411764496147
-63,0.13558608922352844
-88,0.14673746096864193
54,0.24758096131846652
-36,0.07662278883492701
85,0.7439294723156021
87,0.3057557899908083
38,0.3520035863931874
-69,0.8518744325310629
66,0.052607024281767445
-51,0.06121726755248247
-30,0.6811204262641624
-92,0.7445486975480317
-26,0.2536309438088301
-75,0.24010231925153902
-34,0.12276541407844999
-90,0.9806440092713427
-9,0.706775023615301
55,0.6192167882623061
-58,0.6992106351686227
30,0.2728938559458236
-49,0.8640722570846977
71,0.8988870674256463
-56,0.15202672140244056
11,0.6611119686344246
-78,0.4772037366264539
-73,0.5818989884209566
96,0.001866319640034586
25,0.02268918679118126
66,0.7591960984411632
79,0.0846155143020485
-32,0.36445124808534457
-29,0.865821317049545
-44,0.024383747819103463
63,0.42380937195466695
88,0.047207852978549014
67,0.05027424294665317
73,0.21438121871725346
-58,0.12059877005892539
51,0.22540927336244776
-39,0.8939680354379924
-78,0.6328502215356857
-53,0.5419756367874432
30,0.30234724732409846
-41,0.718389916222293
-83,0.15813464750516526
44,0.7607673930184278
48,0.39497027070410795
49,0.2618210650591162
39,0.18037632330503361
74,0.15647488307144775
82,0.2545890060531243
-72,0.5465897283336667
-68,0.5185129318204681
69,0.40228077548684493
76,0.3316635971796924
33,0.7250392879250408
-44,0.6125988287452327
-38,0.1876240592316225
-37,0.12435225447558529
51,0.1486264217850033
1,0.35817861087156067
-51,0.011088000587947566
-56,0.9124135604231166
80,0.4055416030635137
-93,0.05198203666774015
15,0.6449504372140025
43,0.4712202626845323
-99,0.35446979735736694
23,0.05199829130643385
71,0.42059680687941325
66,0.3850550012666526
0,0.24558669537191968
-13,0.920026464382177
18,0.313097973279311
-9,0.13452371655439688
36,0.8646121360372125
-72,0.011088318511055073
16,0.9136064668025032
-62,0.21983572755005887
-8,0.26171823326344235
81,0.7016282108800429
-78,0.7698260253563247
70,0.1998638134873727
45,0.034317576748296386
-92,0.70721456479962
-4,0.24766140201941467
-72,0.676311944622284
78,0.32123223340943663
-74,0.2304956670624383
-25,0.021256558968078543
18,0.9329816953662344
22,0.6354714822484975
-85,0.0014524865331777548
-89,0.5339810809181559
-62,0.15204320430730844
16,0.4138226938574421
74,0.624529391634817
-27,0.28952617118436996
41,0.872380183554261
-57,0.693686157103944
-41,0.031013531422621865
-47,0.6301231778015589
12,0.6294925633659607
13,0.6410614664191006
92,0.25007180948211405
90,0.7379991763723399
53,0.5221043805546711
15,0.7483192406746415
-57,0.15814451743913005
-42,0.9565356657001494
-22,0.7875389426118516
-31,0.3963691476102391
-9,0.3439326331036576
28,0.16919791183523747
54,0.33608693180688787
-14,0.13306092295715932
-96,0.7350058485212067
-18,0.897154367840072
32,0.5940072957568738
-99,0.4581326982670647
-74,0.17209655216250097
87,0.9806065741663698
-91,0.9354648773104869
86,0.12474617955870437
-12,0.6884350469403818
-60,0.19420224320281776
76,0.4456231544613185
33,0.9686263550538925
70,0.8540191587838083
-10,0.9135049604751817
-82,0.7502735214756958
-30,0.058048419517296
26,0.17850177298852454
64,0.9973464916236975
54,0.17179785156804972
-8,0.5213921921868655
3,0.23141763130518844
-29,0.3799880900363418
-90,0.5269242732430426
-99,0.7537107794952754
32,0.8347607000901132
-34,0.4773698954268396
24,0.46865040039992323
89,0.829736054673481
76,0.4104621962676762
11,0.4033281922774843
73,0.3928724138622408
-9,0.8579711674882191
-50,0.3241081254297795
-3,0.1645124606919125
-30,0.579672488562082
53,0.6989958248894096
78,0.8562747944927054
12,0.4568352527233247
82,0.4198808428526599
8,0.9408374758410059
37,0.25414922809085394
-75,0.42163987200790076
39,0.28944292920676395
0,0.27523761713255224
90,0.16864109769364422
-70,0.7363722526345093
54,0.8772865567475904
-83,0.4508690443613641
-64,0.6659813854086472
27,0.7123947418527465
89,0.546797394902904
19,0.7930366906124675
15,0.9178421003015613
-56,0.6516815845315582
-17,0.6166755907696853
44,0.8741209199825193
67,0.620300705403358
73,0.5744870119919923
40,0.2838602911582271
-77,0.29499893628543417
66,0.1695117086252752
-81,0.5716785632754267
-91,0.2793729768741162
96,0.6949066435879813
58,0.6307371338422795
24,0.4582798829160103
44,0.2473443935704377
-13,0.04567930331018888
-32,0.5774263359585181
78,0.10886870115955816
-7,0.2681540071003651
52,0.006036550034344335
-27,0.9483251522351582
74,0.840827293432827
45,0.9085250982046228
-26,0.6125536389327931
-75,0.1731329779083297
-56,0.47804449532160154
-30,0.6745826627651962
-8,0.8661870214124987
70,0.951015760588509
-26,0.2755193189855458
-74,0.7682949464263763
-90,0.8366997487821239
-60,0.23132179890925597
78,0.7144185672930178
-57,0.6033841019347602
-33,0.7520575529232552
42,0.14213630673732236
-3,0.2874918013840212
93,0.6237051918313746
-43,0.16584442705592506
16,0.8398497861538536
-92,0.7863487912360398
34,0.5852567155310827
91,0.702971689805971
-45,0.511704370170027
-50,0.27495630284830597
-89,0.6124003014689108
-53,0.07243228593065454
-63,0.05332130073839936
85,0.8878121538286659
30,0.019530681763795354
-3,0.005577852780571435
88,0.26450170337160217
-38,0.8266068088122324
35,0.1013518684274739
37,0.5293728431024225
27,0.7591321195072077
83,0.44578330272211186
22,0.8380787453091975
-57,0.5163068033455512
-36,0.1688149526907613
52,0.11525919042826216
-73,0.736297984442073
-86,0.7661221512776719
-57,0.6348832965833567
-41,0.6276741763541167
30,0.8318858305525405
78,0.9692414758197055
-18,0.029748886084620896
94,0.27788011199228857
-1,0.21829455704197198
93,0.7777550634424455
-89,0.8260704024385223
-90,0.3839908434058813
3,0.33168350588826956
-53,0.8670557114033391
82,0.04101879759271143
-86,0.9421609397441082
-81,0.6237845379421506
-38,0.3096845294876015
40,0.2229555051204224
92,0.3113640862470637
-20,0.18405570722843312
-92,0.8026781650390863
-96,0.01912806176290427
93,0.3097937470441775
78,0.3345915993512202
-17,0.29068408507404686
26,0.4655270566098032
-30,0.8711094766770026
94,0.21442183457154618
-67,0.3093375105661562
90,0.7738372024073062
-38,0.4566048606236649
-2,0.8942443664601408
49,0.9368698463589639
-17,0.05545459444004763
74,0.7484736347687838
59,0.618303562726894
57,0.5866452223987186
-83,0.1188308288903065
-46,0.7597028119404131
-41,0.3570373479036977
2,0.9992981789176796
-1,0.20394441247856077
70,0.38772285870857703
87,0.9722816812122336
83,0.700372215684437
-26,0.27648836474257366
94,0.6117965928232406
58,0.9462350524386928
95,0.8778353768338942
36,0.29440214987811664
8,0.988230153335184
-37,0.8060489840449175
6,0.1035756306244422
-72,0.6806652570793118
-27,0.8328405951494563
-85,0.08782544108139223
-81,0.5739555128423409
-43,0.0888088767804105
6,0.49671703153674074
-65,0.9269656511042669
18,0.5767318566462422
85,0.43139053946251127
24,0.43916243921182174
-59,0.1362287782650885
-68,0.7051229072552976
18,0.05671688655032625
-27,0.3808065110902864
66,0.9385234174566991
2,0.934532327980019
2,0.905387205717504
-40,0.6802299885634485
34,0.3583685006468974
-66,0.05341508598438305
-22,0.4557711696261335
-11,0.21904325641804834
-84,0.6441245327371834
56,0.09699795536180855
91,0.2763215430150411
0,0.5032137336451238
59,0.9925099957612956
21,0.3710429063570564
36,0.04266320344721597
-7,0.3925372505932514
1,0.27758197834188203
98,0.3725688669750493
-34,0.9486878146739773
-24,0.8555010133469033
-44,0.4482738271931297
-54,0.4154238178967977
-43,0.5434230409951294
-71,0.4133873121477506
77,0.7517472201970337
-75,0.050825301002250134
51,0.15923431433590907
-89,0.4853177576195671
46,0.964229425127476
-73,0.4364646461937476
-21,0.26195592262765577
-99,0.675040700453265
88,0.3666714209665525
25,0.6524962558430396
-89,0.24983732352788313
93,0.1506148684882891
-97,0.28947559268456513
68,0.5887100532992973
45,0.45573004194216515
-81,0.6597448187547067
47,0.6687068737511377
-14,0.4344118819313788
40,0.3657289272092974
-43,0.39637458730798614
-90,0.20561421197559904
37,0.9910129212103774
46,0.3575211613567282
-32,0.8882477131127992
63,0.4019543948768537
-43,0.9970560349436846
54,0.5829851671650454
60,0.3104938687551536
-44,0.9555230905057435
67,0.4063831620542234
-14,0.9721207453981948
-13,0.14690304105835095
76,0.7434633111661044
-50,0.09237510099051449
-66,0.7191807188090255
-21,0.9184004148694558
25,0.8953344734211554
61,0.764670687449304
32,0.026913717167614704
-19,0.777336409381058
-23,0.26359002515812147
14,0.9794995806387866
-64,0.33111623598393913
50,0.12655797985794448
-79,0.9360253633920015
74,7.394504351255771E-4
-6,0.7052320216844757
-62,0.06382874740461697
-15,0.30292165211085853
-48,0.926034296488027
-40,0.6535247653883366
56,0.37501709816407613
-94,0.5910258830556863
47,0.930788121083244
-18,0.041390421955102674
64,0.0035732798948971967
52,0.7071706451961874
98,0.7025738229063239
-28,0.4826633975685768
-14,0.4091673622266606
-94,0.6962519782744393
-54,0.13947433153393918
-53,0.1063106444114652
98,0.9949623843511434
-100,0.11144716349060757
42,0.16809936772793344
-88,0.25869645924911056
-42,0.8308478122128448
-22,0.11896870458205777
-43,0.10049798451565661
-35,0.3626400089930967
67,0.2290603976380564
68,0.21531477879839878
11,0.2939129669107361
-14,0.85077634688353
71,0.33897122887413833
-96,0.021890208809441036
54,0.0033007175538661837
-9,0.8182712193119156
-35,0.8194186492581442
-6,0.7400364621739451
64,0.2237658403536772
2,0.7987285371677914
64,0.8198191078764208
-28,0.4989229984410013
32,0.008537024377021973
47,0.8571689787860736
44,0.9553891363994768
-70,0.009416468531900923
-43,0.21783664321252205
-44,0.015246658331215746
24,0.6971630545988746
-69,0.6489582605142983
90,0.9049737159443401
10,0.8764102497436547
-81,0.6140929913983691
-76,0.34564488884857236
-14,0.5782160660332858
-74,0.20250419519957985
-59,0.20236920638942768
26,0.40412002378065903
-79,0.3904739006059138
-67,0.10834391823989609
34,0.6161998661794813
-8,0.7215507491135077
99,0.9035542258468271
2,0.48708898751738205
28,0.47464184595474557
12,0.6788748886862266
-27,0.4497215176193695
-52,0.2567765102254024
86,0.060674719588986736
-68,0.3606701349620256
59,0.2705266533434527
-88,0.02716653573005101
-59,0.6515623881892628
-21,0.6564100071324906
8,0.551343102722484
8,0.8260899378758598
23,0.42364806512807296
-86,0.2265354521156735
59,0.18977550453553638
-40,0.5957787729020829
-6,0.3600799115718736
42,0.2786852526425815
80,0.6370825145121616
62,0.2721976460492408
45,0.8565660830460393
21,0.5925921600003135
-6,0.43398219690777196
69,0.394184205213165
-65,0.2681098411178642
-83,0.2565660468255412
47,0.12568529287861196
7,0.35424542825364924
58,0.46877663194851327
-9,0.1341491855263759
-50,0.08572745026255213
-6,0.5991458934437571
-77,0.6068965740350999
-100,0.16644295412820997
-31,0.404148743323574
8,0.31596303622263666
77,0.629707735243404
49,0.23376928734575364
69,0.40279531223970233
31,0.3980733790578642
71,0.8242966327203048
66,0.4497443394035854
-63,0.5289938596178843
39,0.7755730536468153
-3,0.5757944211179234
45,0.44150561482277784
-84,0.3485772902790931
-22,0.5159248559311187
-1,0.7791384268170902
-10,0.3817483865498078
43,0.11021558840916845
-65,0.45316294209176144
-41,0.8573104690175494
98,0.28139067987968625
71,0.8852327602234273
-72,0.4877758775964194
52,0.13681494820125029
-76,0.32610064608876177
96,0.6005675854878543
61,0.1144269755201952
1,0.41026111268361676
57,0.8455840083057662
-8,0.37726197449540244
-45,0.18096090850582836
41,0.8762656370771732
31,0.8414433577843791
18,0.46283758734267666
-71,0.3596838000850754
39,0.2884931111593795
43,0.867584874955097
52,0.7031479816075741
-97,0.3206936292013607
30,0.06850361639101643
87,0.456562962038795
91,0.9377698382865166
61,0.13707634306217664
99,0.3411782303706473
-85,0.21591597964014275
72,0.9227236383780916
39,0.023072788181105808
-37,0.33684461470087845
17,0.18046181519844517
-20,0.38529068933316246
-53,0.10885990444633609
-23,0.37082670315303534
-56,0.9996848034222457
-36,0.5979198403461158
-36,0.589379324088804
52,0.6589938268636839
34,0.06376052995883441
58,0.42169375695177236
-40,0.2496850284200648
73,0.5569864793639289
-97,0.7274284946556917
-51,0.11455153173969956
-72,0.06557139455112226
62,0.4211468762168187
87,0.3778370528576126
-8,0.3254406163185949
13,0.30578120428555
-53,0.1807849755122347
-3,0.21064879351839894
34,0.6027974789289114
-53,0.32088331096223366
-91,0.8842611797682975
-93,0.22810896709991468
24,0.43423376737001373
-72,0.993947614089133
-66,0.935469262203892
-20,0.15344313495854367
-2,0.3040301079466613
-15,0.6494348590777549
62,0.47265414084382096
-94,0.6678649315399237
3,0.5060174980991861
7,0.06925746081702577
-86,0.3581010337577627
-10,0.6196380886128892
-88,0.481651710384974
30,0.1487568780577745
73,0.54508391191096
100,0.6290517962166781
-25,0.2665634653567288
-58,0.6403816548070986
-53,0.16756261866484123
-56,0.8188316556057383
45,0.22359331079858913
-81,0.37913989819599103
-7,0.5584697555258531
-72,0.23642352133491995
-99,0.6162968336645558
52,0.361438608322337
60,0.5440302783878566
34,0.9027503945197631
-34,0.7341322987579575
-74,0.0577115237101814
35,0.7844073810442052
-58,0.32145808991171676
81,0.21901954643416355
27,0.37927607239299277
-81,0.6350710904271085
-84,0.7133277399854396
-57,0.9626852155410593
-43,0.7911492639734686
-95,0.9886362924925536
-56,0.20244889115694042
-99,0.4451866073513715
-63,0.1650913113876138
-78,0.8235195662920631
-30,0.6739098363576277
49,0.6672318507601799
11,0.10093474543076919
-89,0.7336148456165555
86,0.04717648913685668
-9,0.8923921176821654
-63,0.6092960188065507
66,0.542290248150486
2,0.26499498915570496
6,0.26002691225319596
15,0.2450556723037638
64,0.21435946090639668
33,0.38456729104180987
5,0.955720731194816
89,0.008531934482001402
-66,0.6712827253672803
-96,0.7759130790875352
-20,0.033255670404670146
-3,0.590061922814187
-22,0.7877044282235527
-20,0.5817453350810602
72,0.1706212948046616
-78,0.8237437827450288
-48,0.801535113539134
57,0.27385119779587297
75,0.6122895049501794
-33,0.5373817243456853
-99,0.6051381612331375
7,0.35288331744498813
-71,0.3009586719128524
-36,0.33821549919419047
-55,0.9017822211703042
68,0.9816316936852936
-84,0.7341980311006554
-1,0.25780449543971595
-20,0.009372463925938934
-24,0.6162591901164314
67,0.39489991304841954
-82,0.5944760303500924
56,0.1725750202903491
21,0.5056488944188285
100,0.6991735467756489
-63,0.7380362756939938
-99,0.6048009431058593
-31,0.26592462033472264
21,0.2812913593808326
-93,0.23898117301940325
-61,0.12311705756327007
-74,0.6053708211022674
-64,0.0925246342444902
70,0.8932343687118622
41,0.16200286835653943
-84,0.6743914870320018
75,0.22918255313976377
-64,0.15347734277186975
100,0.15597468295919303
-92,0.4458120787889194
12,0.6248945760078682
87,0.7494269776100626
-52,0.7664485910111415
49,0.9927426975947892
20,0.7431533840470324
45,0.00195387991490259
-50,0.19481693370372843
-99,0.5243841265640862
-19,0.1883613362624148
22,0.949724629596634
81,0.8715629950024242
-76,0.5645735375232965
-11,0.7171008598875082
-34,0.0720898941279805
-73,0.14034148118956336
-14,0.7135293130077162
8,0.4760750136499785
-75,0.08822908717002875
-2,0.16630299425953798
71,0.02016993319901228
-70,0.4191413864315626
60,0.04010202517344397
-76,0.18954284364387064
71,0.11054482814042588
9,0.7630891217533992
-99,0.6255464306924694
-68,0.41740558678157513
65,0.8673296987720028
25,0.030285131100362572
-77,0.5378994114185708
-18,0.3034791008727379
31,0.636002845892652
57,0.696042191636338
68,0.3898104345717244
-45,0.6964623235921114
-60,0.6452330207185987
82,0.7095386610604003
55,0.6514518040012472
-68,0.3586935597453599
65,0.5721731348619881
-6,0.18934531528149368
-82,0.917122213999171
-5,0.6519770230797386
96,0.957768824775613
17,0.40809196075197507
100,0.7292775579583848
71,0.7674472416607477
-97,0.4828542847386006
97,0.7755327724252707
-48,0.13531285307419383
-99,0.7365623281585054
-88,0.9527224666884757
19,0.9052461610990535
-72,0.12995738599533102
-56,0.601918767319569
58,0.20601995282364693
-36,0.007431039268267048
84,0.14493499871336246
46,0.5494318696980396
45,0.06323199497645948
64,0.7887383759778662
-31,0.7875802262358128
20,0.5075277559130307
-9,0.860686270570011
-61,0.7598032843067409
-23,0.10138961708437966
59,0.704344028538039
-31,0.07791840480063772
48,0.3521195833108952
78,0.7240276088195625
-42,0.940538068182262
34,0.059406673009247624
22,0.5281249552382326
52,0.45209430674517503
80,0.8831535752491688
-21,0.8560965127395634
23,0.6318421177269664
42,0.8870024480040711
70,0.5150969583060417
-50,0.7678004921597253
88,0.07214703319527449
-93,0.032599342876393544
5,0.9851275599346611
-69,0.2544727581773991
-51,0.05671279411048524
83,0.9427088905067768
25,0.49486659073019923
80,0.5025213910153464
-23,0.0019032213620403526
40,0.7755578095347505
56,0.5321815151678161
-2,0.08173597251361842
87,0.43236810232066036
46,0.9020892287005206
-63,0.7144041284575644
-91,0.809072046265059
-37,0.1538171301378073
35,0.03645589745795641
82,0.740192336909122
60,0.14744751875655893
-54,0.23342749985433542
74,0.7095242188259359
-50,0.46544654343799163
90,0.21087125320008537
-80,0.8545657631549805
85,0.7900097019969397
19,0.9165441821696754
62,0.7216368799628498
-47,0.42598130978849713
31,0.17290292459231005
46,0.13325640773139724
64,0.0709798088050192
-43,0.42035583570213564
66,0.20113482967406904
62,0.0940633682850055
52,0.9715093002506676
54,0.29306918372085666
20,0.8639685976939386
54,0.6181852109641058
96,0.057891175126363104
22,0.48926864126396075
99,0.3243949914809132
77,0.06149878392934194
9,0.19167123647388185
-73,0.9858057040997952
-67,0.8678466038548036
-5,0.8276098443532577
-19,0.15679337577220342
-19,0.034330228696549336
-62,0.935835839260173
-71,0.20070393829545918
-67,0.8942802466367825
83,0.7728091378161368
-30,0.5106606451582744
78,0.7733991917003425
11,0.41770856722085237
83,0.15496286652024882
33,0.7511103052417114
47,0.790676912700975
36,0.07552551272070696
37,0.21058960997423548
45,0.4441438609693663
2,0.06006663899196607
44,0.8819159256788679
96,0.9944740129561336
53,0.5338016489232528
39,0.6886144826072715
-92,0.22484503540639267
-14,0.7075530747932861
-53,0.7161504398080709
-66,0.7987647799072415
64,0.37806473075053626
-36,0.3812393269818487
-78,0.8478506874325124
-76,0.5481366072566901
-20,0.8932859591336921
83,0.20427721099531715
-25,0.7059747789667048
-42,0.23227879197158574
6,0.1293835623307107
4,0.0412355739544471
-5,0.4579929739770743
-87,0.9848376666728734
41,0.8874142363458319
-67,0.9427155962790333
14,0.05338362306411626
-27,0.6061745892929592
-9,0.3633919927941899
14,0.47958004303235113
47,0.6321128401030329
-26,0.34932053147120257
70,0.4051798732930133
-78,0.5469863105877053
47,0.9602681959779565
48,0.07125787644303871
-66,0.36552083245456346
-38,0.8787323969992868
-52,0.8494198503018792
13,0.01786983777361928
-86,0.6801439140884733
90,0.8884011961104072
51,0.4938218244030783
24,0.6525006639047819
-99,0.6680474966302198
82,0.6110155493705812
-21,0.6683545474337433
-82,0.3609205750265221
-16,0.9504735320516735
6,0.4573923633090532
52,0.7701501196313332
41,0.5695911386808717
-68,0.31575245543289754
21,0.21311155643989477
-37,0.75812922377099
-41,0.7994785452805435
-71,0.8191114222846384
-76,0.21499144820421456
-36,0.1472191636467658
-95,0.4442635175397259
60,0.3997030887473173
48,0.9201887838706536
19,0.34781033535995864
-82,0.6096484664547688
56,0.32152590176901374
85,0.1465188137092004
4,0.8060485351634796
83,0.17956373924065738
-2,0.30057140670617255
-47,0.10731673037102452
11,0.5968486595832914
-67,0.38542650911220233
51,0.2674475458514164
-17,0.9901382673006053
33,0.34905519539487617
91,0.5462076306654495
41,0.33289144403895654
-81,0.23582483511192343
-23,0.6409633740363879
-99,0.3199129424114937
-6,0.6729990728784528
-8,0.8629336309980394
-83,0.2944543762775482
-24,0.7611874106485145
-24,0.7316631089738702
0,0.15226112243567702
-80,0.317286476975395
6,0.7151017607181184
-11,0.3496246709274252
1,0.757163771571949
-81,0.5956240050285898
90,0.5937831589823167
90,0.17270837702767317
-16,0.8376073606921175
26,0.8226737050985279
-23,0.38040288458363514
5,0.9662245470715268
29,0.12935197246682406
-42,0.564338710902055
-23,0.784135196346618
-95,0.26818602176685613
17,0.9544068644212116
-56,0.8090880634443268
-6,0.8300539044337654
28,0.15090158602954462
-73,0.054866009489542344
-5,0.82677958294488
56,0.8095338461760312
98,0.7286716147906055
75,0.7894609685184906
81,0.6699626074563855
92,0.4395768489152069
96,0.4487260103975763
-29,0.6706453407413695
-18,0.191226298312707
31,0.2835825763685057
-89,0.13320835371958606
-21,0.43975072828547934
-14,0.021448271623188297
-52,0.9714368642855402
-61,0.2019241917053023
0,0.8787312587533029
-27,0.5563373801639895
-39,0.5233911632125836
89,0.4987356069032052
5,0.3392399261554534
-25,0.6324533027862063
13,0.13005878598504095
86,0.6688983017064427
-86,0.5332568399863722
-21,0.23892527174804468
-46,0.06995470407269733
91,0.0903010689055127
-34,0.4742157527322066
76,0.3073804128998552
80,0.05635770646379179
53,0.9484825433640082
-57,0.5835523235897473
96,0.350132201772269
91,0.19687489024234806
95,0.16346275238072583
-99,0.8848231758769342
8,0.47546791876382166
45,0.921940153702261
31,0.5258425987859102
75,0.8960226726218815
-53,0.0989131774868951
8,0.6925800445072708
86,0.5802872691920775
-63,0.3004495517454292
-53,0.4906411697758768
-75,0.03313176843190202
-77,0.5064242645395376
90,0.7274532551013431
25,0.15173235624398795
50,0.4511996568255907
50,0.4903506338355591
37,0.006615513862437861
42,0.8957805237751003
4,0.10498804233987657
-22,0.8543578445456395
-99,0.0723999734094698
4,0.42737915432079987
-23,0.6572501685362356
-7,0.5181475428333558
29,0.2910285078708559
7,0.15531197085796122
-84,0.6154440574185205
-6,0.2017240996167683
-9,0.3573202487980779
-12,0.9558099935868949
18,0.5992879545694495
100,0.148315787841639
42,0.06645508999900052
-68,0.6100267471935638
12,0.3997597514907528
-90,0.045088539907460645
-75,0.2041007797424258
81,0.6799224396859328
-61,0.39768579958525063
88,0.2500818380939005
40,0.5180684388400254
57,0.6580364634035966
-79,0.8954168214353999
8,0.3957097326815381
-39,0.23563877146530865
1,0.3291676099597832
-32,0.18168931670258326
32,0.9323336613286267
54,0.8729271165303257
-58,0.4157693221234956
-30,0.6976234836698295
56,0.19982855322473858
-22,0.1461323840091302
79,0.7439071503004419
52,0.5009091502595893
49,0.17072749682533228
67,0.6392414618657771
-67,0.36291443359809594
-59,0.33558349398651277
29,0.09544385014238355
-44,0.5087370738300842
58,0.2794211285439976
-54,0.006405746543873825
-25,0.8982345081367167
13,0.9130838526083306
33,0.7252199901927968
46,0.4296854302340699
-73,0.3219814901231941
84,0.04324383706161605
-41,0.16847318084502538
57,0.686522451976806
-14,0.5005334703474227
34,0.6001990183561313
-23,0.5990517051764893
-52,0.6397688113027706
91,0.849262529080445
90,0.31643569414516803
20,0.9713388190613995
75,0.1926234470192475
81,0.9076560676476707
-81,0.6505707827907147
76,0.07161777584616913
-87,0.06462294414633762
60,0.04217705006847405
1,0.09777865494337667
81,0.49220352616054386
-70,0.039892804273971016
-85,0.7232908293923751
50,0.6534012900145778
86,0.8407665602826458
-78,0.002875139355249523
28,0.42746975016186295
-12,0.8431034369785024
-35,0.7908367190404676
-24,0.7183506798632616
-70,0.08315197496021698
13,0.3901591608479047
71,0.08826333956598309
-28,0.2354240752546809
-7,0.3790437198377602
-92,0.028934019449065596
-10,0.16844770658770447
-25,0.9992432171296071
94,0.18381956066172433
13,0.1933527455564522
95,0.6104522280802084
41,0.23957513730679258
97,0.7881882958829852
-22,0.3101196111412746
0,0.25663026625788654
92,0.97196205997926
-41,0.673456819031226
-89,0.2086846581090548
91,0.46020967079115205
-44,0.9950333265259943
-45,0.03513779644483428
21,0.7234259137225434
-69,0.5883015572191372
73,0.5966499878613551
16,0.34581158294062997
57,0.9082440043059142
58,0.6040956720833425
-64,0.29191064564327907
44,0.8283667584769048
-86,0.4097422957865873
-85,0.27954217960853067
-58,0.8076488751761649
-3,0.8289072005821527
13,0.452392362216262
-91,0.34860902367646274
-63,0.7009036535857995
-65,0.7280285234517639
-42,0.5775607367856539
26,0.7012431649970268
-86,0.45294613692789176
-37,0.2098300349236275
77,0.7479999496183033
-90,0.5394527283613593
40,0.6157977766328201
-43,0.41994291825164676
-65,0.6803831189664723
-64,0.26946649154629176
-76,0.6047758857673222
98,0.7870191250468711
82,0.30068801452828753
-9,0.787716073340623
40,0.02845465541008152
-27,0.05653963123985051
85,0.030713017018122457
-88,0.7334251399208134
45,0.02653132731818797
78,0.3914647378942886
95,0.20873402507264582
-26,0.2268792742422513
-30,0.9464383486739112
-1,0.23116333589781424
8,0.3232880792606697
-34,0.589988977964913
57,0.8311442091506283
21,0.9682216933079986
-52,0.8962954638220426
77,0.5545473149547663
-18,0.6134372318406602
-7,0.40214694596371414
-22,0.7902095300623757
1,0.5036230490016118
-56,0.6160879322519851
19,0.3596440046221453
65,0.43360892950115104
99,0.3628188670993925
-44,0.9426374186633814
68,0.8330591066116274
-7,0.960624745753299
-70,0.8606637694519895
98,0.6101604905356129
-70,0.4817469188583554
39,0.541820403347064
99,0.011196847232445739
-81,0.823204149130556
90,0.3655323726623194
65,0.24761948587716176
69,0.8368402290301816
-93,0.61720328844439
-82,0.33510262311352357
-23,0.6301033010737637
80,0.5459465477476004
71,0.2100272774625903
-93,0.5910780517048387
-93,0.8349756649940697
57,0.6069461215643961
32,0.7919124119715458
-90,0.5416759470590438
-59,0.4627202645731092
48,0.4198081007368619
29,0.1568871766210188
-88,0.23829418547171544
-72,0.5864511947218987
63,0.5755687471904547
-98,0.5328983062979437
-2,0.349006186579641
-15,0.3036849939348004
-60,0.015968800997979704
-57,0.20319745397645428
-45,0.8418729230184294
-28,0.9502380270980934
-78,0.7577816495989445
-42,0.02815029380740297
-30,0.2931414306249831
-53,0.6366805880058366
61,0.2302022337116424
-13,0.7744802953613241
-59,0.009813349268010807
-39,0.08125469798169305
-75,0.688706606376164
-25,0.23806220605416373
0,0.9617315237528076
25,0.8078902842899978
-55,0.6150799788453499
60,0.5067312270342033
-85,0.8552461193289884
88,0.6539295388302351
37,0.4908516329774998
64,0.35117512385982363
-70,0.5486861134919697
3,0.18939732717818702
-10,0.8401623982230488
94,0.6548291351335255
-18,0.4092763123248354
-13,0.08813090772541143
-78,0.9781312026611565
47,0.9977937598841724
-2,0.14180357972801882
55,0.7108095498363558
79,0.47207473180284276
64,0.9951481011794842
82,0.08125040065771139
93,0.16090061543271283
0,0.9254746053133939
54,0.7566326641117664
-92,0.9347778093297721
88,0.8567657042156577
-60,0.32837449501180205
-44,0.8825268857513249
50,0.48285393470916527
-29,0.226646845214871
-11,0.8829291913855825
-69,0.7396483917178979
-69,0.8049883077456852
-8,0.47797907235748704
-20,0.9091168879679238
-25,0.3717528200645164
79,0.18244601026395302
-61,0.5184527645360733
77,0.1631642823131969
-85,0.29021395531683314
54,0.9484804841286217
31,0.01347513268772682
39,0.6600240072725908
98,0.5637160940371941
-17,0.20603672377886129
-19,0.25315717953082717
-50,0.881282352076027
5,0.07979188732048847
-32,0.5135419965985922
47,0.9716791497489891
83,0.07116445944487149
21,0.5863904331605624
-51,0.35131403295997965
-23,0.5128632888134157
82,0.17584355184237
98,0.13826197364009818
4,0.42428164402477364
-30,0.7680103493064637
18,0.8650493082420383
31,0.8707970840852244
-67,0.6311262054185713
-78,0.12553204396401474
63,0.9900098470803572
4,0.6030601409212344
-78,0.8356168324974157
31,0.2666384355174506
-91,0.7780509772893924
91,0.6321076318515474
-7,0.41282593759285713
-46,0.01731612111334846
13,0.04171501044253223
-21,0.22228455109415435
45,0.9110760507168782
-35,0.6240590748472865
72,0.6890509732085451
55,0.7160424122138395
-95,0.06988272158663555
93,0.7592909886102123
25,0.8617667770597357
-21,0.8969252438688018
-73,0.8648225836360817
-59,0.28214452810483603
24,0.09922301341433848
-45,0.22072046666954104
-33,0.21216941545218249
24,0.2812390528419987
0,0.02878739809983455
-14,0.7973736119244381
91,0.4593055335051677
7,0.20832552628903667
94,0.21685750572594598
79,0.5541175428728851
89,0.8113293785015159
-74,0.9751433597419727
-50,0.9798987874686418
-91,0.8393678333563916
26,0.39994466822729324
-53,0.7305608323899877
98,0.15113395651175288
40,0.8372881401982933
-72,0.7876304773507581
13,0.6610470948237553
-72,0.02605857946495005
65,0.554530613185126
-99,0.31825515872377597
73,0.5647505624843302
78,0.9687472172606548
-81,0.8135079615719331
-83,0.8747121529183276
75,0.1379348153843768
37,0.4509532103106393
-31,0.6406555596557929
-44,0.2848184346448701
-59,0.8822496710155061
55,0.6172941239476317
-52,0.6734931811186313
8,0.8286317423229814
-30,0.29229217180641986
-29,0.8223545872369423
32,0.7268981522526983
-64,0.043505629906323784
14,0.5151378002585136
-17,0.9693264912403008
55,0.4568523746525127
-25,0.2976164619692805
-11,0.9869999994465509
-83,0.8948461823763446
-23,0.13902799223529538
1,0.4083596164199983
-8,0.6469015933859419
-50,0.4909770233648856
75,0.9399278429335227
92,0.9189270744031434
-64,0.20321900904973533
-72,0.7328250629871392
61,0.6998980467509758
-56,0.5145419410365086
19,0.5861860958179965
69,0.289064096227725
55,0.17018218216878211
-35,0.4592398165884156
-50,0.15792170968507724
32,0.932686164646691
56,0.8502876741888186
24,0.8647511334547423
6,0.4712709642936883
73,0.5405818906543716
-63,0.05728664541642092
38,0.0649523961202817
-14,0.3697272780525176
-93,0.07309474524572357
77,0.6252753429952449
43,0.36251824563079904
-80,0.0029283095115735236
-97,0.5584819281999511
-95,0.6810672760307064
57,0.9388207894886396
-74,0.8956961199150396
100,0.7722537063992956
-41,0.2712973622291607
-46,0.7737861723975966
10,0.5533178694254753
-60,0.997652496843415
-26,0.2264653493555342
60,0.009332715962492077
-48,0.21174003867129265
-61,0.9810714742376185
-27,0.5390489309583061
38,0.30817899380729463
3,0.24857624218602736
17,0.9550019062606453
-38,0.7056680516510316
81,0.40922420083350586
5,0.45930437684367154
94,0.39113740186386503
97,0.9373836832133644
-3,0.26136734501539816
31,0.8727561365837904
-54,0.967552201550079
-30,0.8775659995155694
-46,0.82954552627289
-84,0.030978395674052583
-41,0.0864101693752839
62,0.4833681175579331
58,0.909936359692497
-50,0.6907718846970435
0,0.1624491931494214
74,0.02469358094199192
-30,0.06568261846129297
-64,0.7176902064481571
-41,0.8175261213830263
-100,0.7336469166275583
86,0.10016224493656745
-70,0.5380077333935461
-83,0.06279530515724718
27,0.49780840089540035
38,0.3217403555103858
-83,0.8901423175750678
-1,0.5276332935984848
96,0.13227564255348245
99,0.2221038474072784
75,0.7742448241132448
-55,0.8032115393823138
-58,0.18826623723439118
-35,0.08969395659454038
80,0.43714417809809647
-22,0.008657569232646711
44,0.9601770296911426
82,0.5104152910069674
0,0.9495633403283192
-79,0.7590344836396796
-19,0.33834761849972805
52,0.6697145866339808
-78,0.4334979530268791
56,0.8169073798779385
47,0.42137681667668736
-8,0.8632862171930842
-34,0.27987605248250536
11,0.8430549968925782
63,0.34969231763364583
-19,0.6480755828169769
-77,0.7600938441116735
-37,0.8269228924301619
-96,0.6511759874320611
14,0.6209156113892215
88,0.27974925551835306
-25,0.9737046413201723
-15,0.4999979700113083
-68,0.8990455639623288
-80,0.1488709306794127
60,0.05247601476361152
18,0.6814149384588282
94,0.9949256050184948
-28,0.15016784288441642
-98,0.46859593511659514
-72,0.7281391471005235
1,0.9271744192277783
76,0.3753002986379087
76,0.6136277652140046
22,0.6479864047883855
-9,0.09012143779206971
55,0.7689003258665189
-11,0.36732305489494643
92,0.8978630717794949
30,0.6163788916510123
-11,0.5710460224858244
44,0.9787487797887658
-21,0.7757530717106662
-93,0.7100039027213749
-5,0.3811201025508377
-28,0.937428994446426
42,0.20021825447464914
-76,0.7022334475550893
13,0.8794609696004837
61,0.8604096139180082
-55,0.9260262650647294
11,0.38744051064085905
56,0.3379395377715877
-74,0.867445458550983
-83,0.604872258500061
10,0.5338730802497288
51,0.9265730586963672
-72,0.3940467542267839
-86,0.7417619079836593
54,0.3319014508406737
-47,0.4805127038656345
0,0.900911729557664
-37,0.5204749259145789
-39,0.9419142978538414
94,0.8302186809560379
-95,0.4783110343948488
-21,0.6756300251184579
42,0.23466694967458868
91,0.017363380839719778
49,0.9152788226839397
34,0.07422323502526929
-95,0.27880023586557945
-85,0.7199791466943448
-58,0.406004094913033
68,0.4361139896839398
46,0.12341187277452192
29,0.992594247729015
-32,0.6996051901039362
-80,0.670783994193414
1,0.9479764199767697
36,0.990576873508231
38,0.16450966275884715
11,0.6367959210111773
-35,0.7075741950887356
-96,0.6926338264997819
-15,0.9349500290045285
94,0.7407308634466426
-80,0.9883033209236857
87,0.7613869925084754
-84,0.03462580489047795
16,0.6839841522780263
-6,0.9059132514303019
15,0.5891771028242786
3,0.13137081875767187
92,0.838651662684276
-9,0.5301120853099861
91,0.2647211854432461
-31,0.36670403006155183
-18,0.18783952627957
84,0.4976643246976672
42,0.6659764074324285
47,0.52543089651877
-23,0.5010823611219157
43,0.18930936812694277
-83,0.1355396006731473
-8,0.6630019963528464
100,0.4321561781396852
-51,0.08869552170682105
50,0.2271385345224567
12,0.1921236740477128
-63,0.5244239973349955
-49,0.7159379563805885
71,0.8252472510257024
14,0.3451558106820385
-41,0.6879536000784771
-91,0.8340735161486397
80,0.534584509571657
49,0.8751195658327036
57,0.5729986935793343
-92,0.4635990573968425
-38,0.6122311810732145
37,0.835678118894125
-96,0.4060357886978144
63,0.6084440862591687
-49,0.8723282288986532
63,0.2892418364327376
70,0.2774012447164055
63,0.4961427400485685
-99,0.9317946354985902
90,0.8323884271790195
-97,0.5736740985363584
-69,0.565633900056545
18,0.885230062943353
49,0.8990779661100734
-8,0.233302139947555
-63,0.39803261854246264
32,0.9981443149273931
29,0.9046816969567695
-9,0.7705697886208338
-34,0.2788797514038047
66,0.28988199579324614
75,0.42763209446804706
24,0.5608586839493989
-13,0.10479115525101357
68,0.9410872712656785
82,0.7905416614274783
-93,0.7092525802911285
-47,0.9030914836844387
-87,0.30528026626237426
26,0.5989256850579547
-24,0.9348902022745046
55,0.3199318286896261
-55,0.9300933575585205
19,0.02320500278392268
47,0.2950715334009367
60,0.05055482670168632
-13,0.40094176267665915
47,0.8684518440104837
-39,0.2459736027288133
68,0.3347841929468647
-3,0.008379821661688935
3,0.7663826669205986
16,0.49093458152327507
-20,0.3214804804459751
34,0.21012075507010697
37,0.14538999607116077
90,0.30261573207532444
-47,0.3176184248451924
-52,0.6096740406977713
-81,0.9869444173842811
23,0.5219526234806525
50,0.6808055446816269
65,0.7057817326578337
86,0.7604872377143908
-23,0.2346585390051783
-48,0.38847542239306787
94,0.9803106354119092
62,0.34397327047828075
39,0.20514471299489934
-12,0.12265378445943165
-73,0.9869849824444973
78,0.1835121244918173
-11,0.5080733262634668
68,0.04610862612267974
-42,0.9793195052908304
39,0.4230955779893574
-91,0.4393607727676594
-23,0.31386068894517727
45,0.2733409376043997
54,0.24418772637964004
63,0.7113007212690967
79,0.7634439025456647
8,0.9791606584818942
-29,0.19499337709772868
-13,0.14057745836513735
-43,0.15796980622015655
64,0.9551897154250082
38,0.8605098051381685
-53,0.5232918807062334
-23,0.8179639518937311
-60,0.8397623550240896
61,0.8270050943141021
0,0.15772409740700422
96,0.4711065126094154
-24,0.7971618809007401
5,0.5283565674686358
90,0.5234079682085839
37,0.673422975879505
82,0.17851871309918899
86,0.226720768518752
-87,0.9541946200056973
8,0.21113542352228165
41,0.6427769675274683
68,0.07629610875087334
-81,0.753333577076238
-53,0.4792983880194891
20,0.408903050945833
-23,0.9464783791354674
90,0.0902015491392486
-33,0.9515078353289368
88,0.21773560512007728
-58,0.43949790428932245
-18,0.19116060815510616
-20,0.5043855034201246
-31,0.2703531364964935
35,0.3276670198323014
94,0.7911288982264524
-6,0.5412052487953771
-85,0.8795620618750087
-58,0.4566545150050487
-64,0.547798908118021
60,0.5709415956880755
-73,0.8220846993364772
-24,0.013743764552267113
64,0.13703950069512238
85,0.14218546045807579
-22,0.4112528195321299
-6,0.9438198272483292
-89,0.04586966418748162
-64,0.8057853994267586
30,0.12348944410014007
-22,0.21086982470487936
-48,0.6584936262628303
-63,0.08573720540546537
-97,0.20658796650611821
-6,0.5490700905270306
-47,0.09123812130942821
-81,0.2747586024424289
-68,0.07377379324360811
78,0.3250728964757522
-33,0.3738347737993257
36,0.23914984529813332
58,0.4447613631178253
10,0.14189387165966783
48,0.9973415060593168
-35,0.3169552347584905
87,0.1334944865504626
-51,0.8548414088438607
9,0.553098921795321
82,0.8241042266558821
-21,0.10198589440923633
72,0.7412172115001062
84,0.17246883504859167
64,0.6451255507154088
-62,0.9006475260800072
-80,0.6680572657898708
-57,0.7437038043096784
-76,0.8781909573743854
-54,0.8977300403439673
23,0.2359706019316954
44,0.4301484399587586
-5,0.5286602591008261
40,0.7639665864639964
-76,0.04217327757288514
4,0.8430739346261363
-25,0.8009623531594637
-37,0.5232421608333052
25,0.40210322736218984
74,0.33279986461941813
-81,0.6255618242471307
55,0.10608705888647452
-64,0.09654118165501613
-98,0.2533581158549667
89,0.6759243986992577
-70,0.7500184944217347
65,0.9699516472107916
22,0.72880585449875
-16,0.2798085812823701
64,0.7792321839287316
-35,0.495797245363253
-72,0.4033954214810205
-77,0.3098748784047748
-68,0.2658713053248585
78,0.7458685200808591
-52,0.8931614143977754
48,0.3505183810211777
71,0.8260772851518353
-21,0.5532107771733314
-89,0.17308593060813704
24,0.18099387997805583
-29,0.3362534235228146
-61,0.04201782340330218
94,0.9318553641442445
7,0.8893176343414766
97,0.668448610752807
-4,0.11290263556262004
87,0.005322595782146999
-49,0.7370930417052757
87,0.6384953518317789
-66,0.9182429068516862
97,0.36014142023154005
-84,0.2323223001702711
-8,0.23651271321051603
46,0.8398394124940189
-76,0.7406402077674772
60,0.7354297541846043
-82,0.8666111325025886
-31,0.9899135129390989
11,0.014854374759475042
9,0.3231368582876485
28,0.7611130456207121
77,0.7965097620796968
-79,0.45973815553455444
93,0.5654925905285944
13,0.9543294825452054
37,0.8056580658448999
82,0.7109281984567003
10,0.3332776248077841
-25,0.20190954817408013
-82,0.43518928909413956
74,0.8690327297661773
-35,0.7461640192887299
39,0.0140061444588917
-20,0.048887414035470256
-24,0.3022718254061153
66,0.8964266676129091
57,0.5339778662238323
58,0.38469973027785775
-92,0.014395615985991372
93,0.03866696471454478
69,0.3390738647092709
-73,0.06701639478230992
7,0.05715927488964179
85,0.5229224635321983
-33,0.36552421926588097
53,0.6605693273889666
95,0.3582346161898782
22,0.8667013207490106
-71,0.06768626700711411
55,0.4822893986910167
-97,0.5082901436452388
-25,0.01089369610256774
-44,0.6093722419031449
-49,0.1775002665050146
75,0.5050728800049443
0,0.9851765139860235
2413
